[
    {
        "mds": [
            [
                0.0, 
                19.637204662113007, 
                7.6418787121323195, 
                6.920933842743624, 
                15.247754641211893, 
                11.260977890125087, 
                10.676648776528756, 
                5.760404640047974, 
                12.018430532449727, 
                14.732206280940531, 
                16.599497662279376, 
                15.648184696685638, 
                8.038116155145381, 
                11.606689954751719, 
                12.728866061468493, 
                11.227865191277688, 
                11.754335189240518, 
                18.295989498033066, 
                15.155728206026591, 
                11.419252992793494, 
                10.404335293696393, 
                13.112307047212667, 
                14.381596371888994, 
                16.405953186989056
            ], 
            [
                19.637204662113007, 
                0.0, 
                16.136243071021767, 
                21.50665713012696, 
                12.675045755578509, 
                20.637073953291576, 
                24.229883914857336, 
                23.911657530617735, 
                14.696856874949043, 
                16.156131157436363, 
                20.9991410362663, 
                13.683747209336344, 
                15.574120897598709, 
                24.936666205632477, 
                10.440967705020343, 
                18.32563740898589, 
                26.319020755884864, 
                18.70338898745278, 
                8.689966390087708, 
                26.480073048522797, 
                26.02613137696409, 
                12.834562455412543, 
                12.735611038996495, 
                18.261864224223988
            ], 
            [
                7.641878712132321, 
                16.136243071021767, 
                0.0, 
                11.711118072150624, 
                10.564142579964233, 
                15.237927640495737, 
                10.250330889290234, 
                9.541381053100517, 
                11.295583256678869, 
                10.082909921666147, 
                13.75662812654674, 
                14.630876911976438, 
                9.720947341841654, 
                11.667454984386316, 
                10.344321030149738, 
                12.347102766558246, 
                12.896431725286805, 
                12.678241317461074, 
                13.473689586333455, 
                12.477067040666832, 
                12.666365217420811, 
                7.929704208419569, 
                9.824478147949984, 
                10.811350278108993
            ], 
            [
                6.920933842743624, 
                21.50665713012696, 
                11.711118072150624, 
                0.0, 
                15.670492826647415, 
                13.654176658115855, 
                14.65338273852162, 
                9.046519427660005, 
                16.73787637207017, 
                20.460850322537, 
                21.761179644245463, 
                13.571838795976841, 
                10.71839755853911, 
                10.370598438987038, 
                11.889744536110598, 
                6.166412392667412, 
                11.689360414710567, 
                22.72596862305232, 
                16.36449723525924, 
                12.352721549232509, 
                15.280241083817556, 
                14.376753627013617, 
                19.348575775097714, 
                20.971303856393813
            ], 
            [
                15.247754641211893, 
                12.675045755578509, 
                10.564142579964233, 
                15.670492826647415, 
                0.0, 
                21.130505237966297, 
                18.264582417404018, 
                17.615411523035075, 
                16.591985772604303, 
                15.663309274843478, 
                20.838987189487437, 
                9.63126554312455, 
                14.377406628551439, 
                16.26456317739073, 
                9.818844998968435, 
                11.68584269883558, 
                18.42075095679126, 
                14.635712184309856, 
                15.593268956657282, 
                16.823961900305783, 
                22.571455305486932, 
                3.3942407164787434, 
                14.722923107872129, 
                14.488149471901291
            ], 
            [
                11.260977890125087, 
                20.637073953291576, 
                15.237927640495737, 
                13.654176658115855, 
                21.130505237966297, 
                0.0, 
                19.492881252483492, 
                16.22883545494578, 
                10.970656279784919, 
                19.929561362426764, 
                20.638222870053507, 
                18.748297444642816, 
                7.512451615637057, 
                20.32685964680619, 
                13.686723420354939, 
                16.142271521742632, 
                21.6064316782211, 
                25.25368540404967, 
                12.269623918992588, 
                21.69102920127658, 
                17.067350216888872, 
                20.068985769419996, 
                17.041249776837773, 
                23.620010974749356
            ], 
            [
                10.676648776528756, 
                24.229883914857336, 
                10.250330889290234, 
                14.65338273852162, 
                18.264582417404018, 
                19.492881252483492, 
                0.0, 
                7.027427072100482, 
                15.836467574082706, 
                13.223538473710168, 
                12.64188049336678, 
                23.24147060245053, 
                15.267306807550108, 
                12.703720290378406, 
                20.344314530742587, 
                17.97624834986412, 
                11.20613613060114, 
                14.243833212824608, 
                21.99544463196696, 
                11.19310334272774, 
                6.743174449408224, 
                15.741592243273109, 
                15.52893254512327, 
                12.730802358585569
            ], 
            [
                5.760404640047975, 
                23.911657530617735, 
                9.541381053100517, 
                9.046519427660005, 
                17.615411523035075, 
                16.22883545494578, 
                7.027427072100482, 
                0.0, 
                15.981668875557723, 
                16.49113930767419, 
                18.149186454995586, 
                18.167317512782702, 
                13.053397948682239, 
                8.366827737020303, 
                16.653408667533533, 
                12.968354051908408, 
                7.747618982509478, 
                19.07490083559438, 
                20.299905809472648, 
                7.769597645925738, 
                7.487910216986422, 
                15.146777953371867, 
                17.613663020977285, 
                18.139497931276757
            ], 
            [
                12.018430532449727, 
                14.696856874949043, 
                11.295583256678869, 
                16.73787637207017, 
                16.591985772604303, 
                10.970656279784919, 
                15.836467574082706, 
                15.981668875557723, 
                0.0, 
                11.917842648430417, 
                11.575993797435213, 
                19.237336588809875, 
                7.029703983171199, 
                21.035681448181005, 
                12.340335588610639, 
                17.730486977189393, 
                21.650096349198513, 
                17.95680151238527, 
                9.112106183216937, 
                22.402908136639894, 
                16.021234021430626, 
                16.164944682420966, 
                7.75468828627766, 
                14.12666426876535
            ], 
            [
                14.732206280940531, 
                16.156131157436363, 
                10.082909921666147, 
                20.460850322537, 
                15.663309274843478, 
                19.929561362426764, 
                13.223538473710168, 
                16.49113930767419, 
                11.917842648430417, 
                0.0, 
                6.743019102958952, 
                22.49687695001966, 
                15.008135231786655, 
                20.032598894304623, 
                17.637429568540185, 
                21.16759689550209, 
                20.412101886533303, 
                8.72031687382945, 
                16.462980726209945, 
                19.753445838247927, 
                15.455922317193266, 
                14.665670037887002, 
                5.255637574250664, 
                4.173102632544781
            ], 
            [
                16.599497662279376, 
                20.9991410362663, 
                13.75662812654674, 
                21.761179644245463, 
                20.838987189487437, 
                20.638222870053507, 
                12.64188049336678, 
                18.149186454995586, 
                11.575993797435213, 
                6.743019102958952, 
                0.0, 
                26.53656625223411, 
                15.43432310281261, 
                23.102965500159087, 
                20.052925845855672, 
                24.492528438257676, 
                22.05256630343758, 
                12.48417882497603, 
                18.805644683774887, 
                22.42960602659022, 
                13.796850304372638, 
                19.522890078914962, 
                9.132558363538388, 
                9.207827224766234
            ], 
            [
                15.648184696685638, 
                13.683747209336344, 
                14.630876911976438, 
                13.571838795976841, 
                9.63126554312455, 
                18.748297444642816, 
                23.24147060245053, 
                18.167317512782702, 
                19.237336588809875, 
                22.496876950019665, 
                26.53656625223411, 
                0.0, 
                14.725178044127158, 
                16.875267561734606, 
                8.24548391781538, 
                8.156582596206322, 
                19.24854011643565, 
                21.957101318745885, 
                14.841338356719262, 
                19.144225323687095, 
                24.668865513424162, 
                9.330201153815986, 
                19.143949837895754, 
                22.047986234802195
            ], 
            [
                8.038116155145381, 
                15.574120897598709, 
                9.720947341841654, 
                10.71839755853911, 
                14.377406628551439, 
                7.512451615637057, 
                15.267306807550108, 
                13.053397948682239, 
                7.029703983171199, 
                15.008135231786655, 
                15.434323102812613, 
                14.72517804412716, 
                0.0, 
                17.041496494028316, 
                8.737866657046425, 
                13.132010322946305, 
                18.099770696778922, 
                19.284099809204676, 
                9.139707072938482, 
                18.206971515896992, 
                15.650169881282594, 
                12.915450474121325, 
                10.816579540011336, 
                16.430466758693516
            ], 
            [
                11.606689954751719, 
                24.936666205632477, 
                11.667454984386316, 
                10.370598438987038, 
                16.26456317739073, 
                20.32685964680619, 
                12.703720290378406, 
                8.366827737020303, 
                21.035681448181005, 
                20.032598894304623, 
                23.102965500159087, 
                16.875267561734606, 
                17.041496494028316, 
                0.0, 
                18.322241297619765, 
                11.35494768632092, 
                3.274838808331965, 
                18.949055080948092, 
                22.992143597390648, 
                2.7132775343341846, 
                14.267741507154232, 
                13.64249919324696, 
                20.887871625456437, 
                19.707530242013863
            ], 
            [
                12.728866061468493, 
                10.440967705020343, 
                10.344321030149738, 
                11.889744536110598, 
                9.818844998968435, 
                13.686723420354939, 
                20.344314530742587, 
                16.653408667533533, 
                12.340335588610639, 
                17.637429568540185, 
                20.052925845855672, 
                8.24548391781538, 
                8.737866657046425, 
                18.322241297619765, 
                0.0, 
                10.113471012613287, 
                19.39751276073843, 
                20.352053203683276, 
                8.524368966056176, 
                19.367330819038315, 
                20.820836673737716, 
                9.749521632637343, 
                13.934100171609888, 
                19.38499121209831
            ], 
            [
                11.227865191277688, 
                18.32563740898589, 
                12.347102766558246, 
                6.166412392667412, 
                11.68584269883558, 
                16.14227152174263, 
                17.97624834986412, 
                12.968354051908408, 
                17.730486977189393, 
                21.16759689550209, 
                24.492528438257676, 
                8.156582596206322, 
                13.132010322946305, 
                11.35494768632092, 
                10.113471012613287, 
                0.0, 
                13.488987653920873, 
                22.701584618822732, 
                16.096749242916047, 
                13.13642637488783, 
                19.333869113429223, 
                10.859035456992379, 
                20.127700989280136, 
                21.749046602653607
            ], 
            [
                11.754335189240518, 
                26.319020755884864, 
                12.896431725286805, 
                11.689360414710567, 
                18.42075095679126, 
                21.6064316782211, 
                11.20613613060114, 
                7.747618982509478, 
                21.650096349198513, 
                20.412101886533303, 
                22.05256630343758, 
                19.24854011643565, 
                18.099770696778922, 
                3.274838808331965, 
                19.39751276073843, 
                13.488987653920873, 
                0.0, 
                19.127386267247793, 
                24.945294788141865, 
                3.392982957379094, 
                13.40148403995892, 
                14.882831198018867, 
                21.637627943602112, 
                20.019856567623037
            ], 
            [
                18.29598949803307, 
                18.70338898745278, 
                12.678241317461074, 
                22.725968623052324, 
                14.635712184309856, 
                25.25368540404967, 
                14.243833212824608, 
                19.07490083559438, 
                17.95680151238527, 
                8.72031687382945, 
                12.48417882497603, 
                21.957101318745885, 
                19.284099809204676, 
                18.949055080948092, 
                20.352053203683276, 
                22.701584618822732, 
                19.127386267247793, 
                0.0, 
                20.071079420382706, 
                19.460754750165307, 
                18.57990097733479, 
                13.536241751816515, 
                11.581160504029382, 
                3.9186383428140807
            ], 
            [
                15.15572820602659, 
                8.689966390087708, 
                13.473689586333455, 
                16.36449723525924, 
                15.593268956657282, 
                12.269623918992588, 
                21.99544463196696, 
                20.299905809472648, 
                9.112106183216937, 
                16.462980726209945, 
                18.805644683774887, 
                14.841338356719262, 
                9.139707072938482, 
                22.992143597390648, 
                8.524368966056176, 
                16.096749242916047, 
                24.945294788141865, 
                20.071079420382706, 
                0.0, 
                24.649651364783725, 
                21.41263381565937, 
                14.966941887934833, 
                11.521982775571624, 
                18.522982760302973
            ], 
            [
                11.419252992793494, 
                26.480073048522797, 
                12.477067040666832, 
                12.352721549232509, 
                16.823961900305783, 
                21.69102920127658, 
                11.19310334272774, 
                7.769597645925738, 
                22.402908136639894, 
                19.753445838247927, 
                22.42960602659022, 
                19.144225323687095, 
                18.206971515896992, 
                2.7132775343341846, 
                19.367330819038315, 
                13.13642637488783, 
                3.392982957379094, 
                19.460754750165307, 
                24.649651364783725, 
                0.0, 
                13.936468969677597, 
                14.750341369993212, 
                22.266592288023972, 
                18.746446480227547
            ], 
            [
                10.404335293696393, 
                26.02613137696409, 
                12.666365217420811, 
                15.280241083817556, 
                22.571455305486932, 
                17.067350216888872, 
                6.743174449408224, 
                7.487910216986422, 
                16.021234021430626, 
                15.455922317193266, 
                13.796850304372638, 
                24.668865513424162, 
                15.650169881282594, 
                14.267741507154232, 
                20.820836673737716, 
                19.333869113429223, 
                13.40148403995892, 
                18.57990097733479, 
                21.41263381565937, 
                13.936468969677597, 
                0.0, 
                19.36629838792744, 
                16.827546702787878, 
                15.841909911590077
            ], 
            [
                13.112307047212667, 
                12.834562455412543, 
                7.929704208419569, 
                14.376753627013617, 
                3.3942407164787447, 
                20.068985769419996, 
                15.741592243273109, 
                15.146777953371867, 
                16.164944682420966, 
                14.665670037887002, 
                19.522890078914962, 
                9.330201153815986, 
                12.915450474121325, 
                13.64249919324696, 
                9.749521632637343, 
                10.859035456992379, 
                14.882831198018867, 
                13.536241751816515, 
                14.966941887934833, 
                14.750341369993212, 
                19.36629838792744, 
                0.0, 
                13.507795787250846, 
                13.72202102931274
            ], 
            [
                14.381596371888993, 
                12.735611038996495, 
                9.824478147949984, 
                19.348575775097714, 
                14.722923107872129, 
                17.041249776837773, 
                15.52893254512327, 
                17.613663020977285, 
                7.75468828627766, 
                5.255637574250664, 
                9.132558363538388, 
                19.143949837895754, 
                10.816579540011336, 
                20.887871625456437, 
                13.934100171609888, 
                20.127700989280136, 
                21.637627943602112, 
                11.581160504029382, 
                11.521982775571624, 
                22.266592288023972, 
                16.827546702787878, 
                13.507795787250846, 
                0.0, 
                9.52708859806077
            ], 
            [
                16.405953186989052, 
                18.261864224223988, 
                10.811350278108993, 
                20.971303856393813, 
                14.488149471901291, 
                23.620010974749356, 
                12.730802358585569, 
                18.139497931276757, 
                14.12666426876535, 
                4.173102632544781, 
                9.207827224766234, 
                22.047986234802195, 
                16.430466758693512, 
                19.707530242013863, 
                19.38499121209831, 
                21.749046602653607, 
                20.019856567623037, 
                3.9186383428140807, 
                18.522982760302973, 
                18.746446480227547, 
                15.841909911590077, 
                13.72202102931274, 
                9.52708859806077, 
                0.0
            ]
        ], 
        "mcc": "a", 
        "day": "2018-03-01"
    }, 
    {
        "mds": [
            [
                0.0, 
                20.20243447480553, 
                7.179699888015856, 
                7.468419487245459, 
                15.798093274771428, 
                11.993878204316715, 
                10.90563997818636, 
                5.5230338548565925, 
                11.746422717529011, 
                15.43893584120522, 
                16.560019695603124, 
                16.53697111290189, 
                7.450193118406705, 
                11.113290447403012, 
                13.603954744471872, 
                10.582034086350065, 
                11.052096879963486, 
                18.654092555444596, 
                15.232734323849607, 
                12.675528399682817, 
                9.360688129002762, 
                13.4527031453717, 
                14.56925094218779, 
                16.0097772008449
            ], 
            [
                20.20243447480553, 
                0.0, 
                16.287962114636667, 
                21.196398853928066, 
                12.101236064706704, 
                20.11519406938303, 
                24.519336701376545, 
                24.068692430063315, 
                15.033366808435021, 
                17.34158240501972, 
                21.4827556547046, 
                13.067456938164465, 
                14.923851955823224, 
                25.44959294498444, 
                10.037747067042275, 
                18.17882072104819, 
                26.060971098854445, 
                18.994353451565022, 
                8.847648263760414, 
                25.640348836517646, 
                26.67150023254527, 
                13.767349595149959, 
                13.036706109232211, 
                17.90682444261755
            ], 
            [
                7.179699888015857, 
                16.287962114636667, 
                0.0, 
                11.475931942645914, 
                10.151712009392883, 
                15.805309556226712, 
                10.382521789529802, 
                9.043392653259538, 
                11.01505224513876, 
                10.51980410754427, 
                13.621344781917749, 
                14.087261956552716, 
                9.737084720220722, 
                12.162785475741934, 
                11.069830900018886, 
                12.731900923867736, 
                13.160107646715652, 
                11.931311552908591, 
                13.687839011790356, 
                13.389982352446122, 
                12.53366840111018, 
                8.938230253918121, 
                10.621322382850439, 
                10.982466773806319
            ], 
            [
                7.468419487245459, 
                21.196398853928066, 
                11.475931942645914, 
                0.0, 
                15.718474677962966, 
                13.658147100348433, 
                15.858943468797946, 
                9.61437193868009, 
                16.366815806305816, 
                19.969014764927817, 
                21.94242635803671, 
                13.338208251589688, 
                11.535132604349995, 
                9.828711126938343, 
                11.783431083452273, 
                6.243921987399127, 
                11.348870424314299, 
                22.544568192215003, 
                17.568756087506454, 
                12.783164610273726, 
                15.612526670417855, 
                13.795813191972337, 
                19.140687510204792, 
                21.15615054761038
            ], 
            [
                15.798093274771428, 
                12.101236064706704, 
                10.151712009392883, 
                15.718474677962966, 
                0.0, 
                22.441088719779348, 
                18.086584584384767, 
                17.206836797511922, 
                16.808926472435196, 
                15.295172118151076, 
                20.817414337827206, 
                10.611739973098118, 
                15.228253839869286, 
                16.349364062919665, 
                10.02870572964427, 
                12.585895094226194, 
                17.4325725457264, 
                13.276103049421698, 
                14.624558359093616, 
                16.927546972964983, 
                22.08568719081012, 
                3.423781843051745, 
                14.712304583867997, 
                14.701605999890145
            ], 
            [
                11.993878204316715, 
                20.11519406938303, 
                15.805309556226712, 
                13.658147100348433, 
                22.441088719779348, 
                0.0, 
                19.21180874801255, 
                15.550155822211837, 
                11.13754738215172, 
                20.5607720046151, 
                20.23645433961384, 
                20.08238249699279, 
                8.32707517405519, 
                21.312496830278892, 
                13.533913056144181, 
                16.52337819431277, 
                21.640195696916106, 
                25.8621424283727, 
                13.500477274056161, 
                21.80602044393228, 
                16.71065651606286, 
                20.251844370648364, 
                17.822931401168542, 
                23.372605401940948
            ], 
            [
                10.90563997818636, 
                24.519336701376545, 
                10.382521789529802, 
                15.858943468797946, 
                18.086584584384767, 
                19.21180874801255, 
                0.0, 
                7.752993735328762, 
                15.220497955546481, 
                12.875296482088356, 
                12.535225927480955, 
                22.582018749701096, 
                15.865969422823039, 
                12.016675593795261, 
                20.891008658999557, 
                18.69359809321953, 
                10.600482257883328, 
                14.5806604599946, 
                22.457489135944734, 
                11.13646709118468, 
                6.067061534767784, 
                15.715767796357277, 
                16.00124264714778, 
                12.544388129865627
            ], 
            [
                5.523033854856593, 
                24.068692430063315, 
                9.043392653259538, 
                9.61437193868009, 
                17.206836797511922, 
                15.550155822211837, 
                7.752993735328762, 
                0.0, 
                16.458265101694554, 
                17.38503342348429, 
                17.942664677687077, 
                18.720474015006623, 
                13.029578308804904, 
                8.10610934053227, 
                17.032026648255968, 
                13.289219565312909, 
                7.67911077131778, 
                18.538397334536533, 
                20.136689413629565, 
                8.69446351827683, 
                8.162120702624824, 
                15.621403068511803, 
                17.35725476916664, 
                16.711561235749027
            ], 
            [
                11.746422717529011, 
                15.033366808435021, 
                11.01505224513876, 
                16.366815806305816, 
                16.808926472435196, 
                11.13754738215172, 
                15.220497955546481, 
                16.458265101694554, 
                0.0, 
                10.767848510236599, 
                11.421122407688605, 
                19.27514889289536, 
                6.485692060608776, 
                21.895635197036682, 
                13.2867190913241, 
                17.409105694767415, 
                22.32481999681783, 
                18.0610171925892, 
                9.437018106190497, 
                22.094610503365494, 
                15.296590658256225, 
                16.515581162673, 
                7.032454999360265, 
                14.657368738519018
            ], 
            [
                15.43893584120522, 
                17.34158240501972, 
                10.51980410754427, 
                19.969014764927817, 
                15.295172118151076, 
                20.5607720046151, 
                12.875296482088356, 
                17.38503342348429, 
                10.767848510236599, 
                0.0, 
                6.668873434053603, 
                21.517500116564094, 
                13.66974659234817, 
                20.200200064598285, 
                16.828498478288616, 
                20.74017641040086, 
                20.67693238963414, 
                7.821946288027391, 
                16.636610905939865, 
                20.663881964728233, 
                14.604533917137509, 
                15.11031148991354, 
                6.361069439642094, 
                4.343023871985421
            ], 
            [
                16.560019695603124, 
                21.4827556547046, 
                13.621344781917749, 
                21.94242635803671, 
                20.817414337827206, 
                20.23645433961384, 
                12.535225927480955, 
                17.942664677687077, 
                11.421122407688605, 
                6.668873434053603, 
                0.0, 
                26.104801806847615, 
                16.2804289172255, 
                23.12801666139155, 
                20.767104053134467, 
                24.28687779442037, 
                21.961760155073705, 
                12.51581658690335, 
                18.347449212177285, 
                22.29504714611226, 
                13.95036107445703, 
                19.792718698387624, 
                9.079997947658795, 
                9.640388366282977
            ], 
            [
                16.53697111290189, 
                13.067456938164465, 
                14.087261956552716, 
                13.338208251589688, 
                10.611739973098118, 
                20.08238249699279, 
                22.582018749701096, 
                18.720474015006623, 
                19.27514889289536, 
                21.517500116564097, 
                26.104801806847615, 
                0.0, 
                15.100077727599237, 
                18.04008663606053, 
                8.815171606053273, 
                9.280240989675598, 
                19.356203652003774, 
                22.41395826698346, 
                14.175395819790229, 
                19.12898551359836, 
                25.003261443825515, 
                9.022783974954597, 
                19.27272845528752, 
                21.705922696241664
            ], 
            [
                7.450193118406705, 
                14.923851955823224, 
                9.737084720220722, 
                11.535132604349995, 
                15.228253839869286, 
                8.32707517405519, 
                15.865969422823039, 
                13.029578308804904, 
                6.485692060608776, 
                13.66974659234817, 
                16.2804289172255, 
                15.100077727599238, 
                0.0, 
                17.1026799367709, 
                8.749304493997437, 
                13.188147988510131, 
                17.606611785928, 
                19.4814389214207, 
                8.133685305214438, 
                17.622781300227995, 
                15.103429002612067, 
                12.523857970251836, 
                10.670345746067218, 
                16.64234296066476
            ], 
            [
                11.113290447403012, 
                25.44959294498444, 
                12.162785475741934, 
                9.828711126938343, 
                16.349364062919665, 
                21.312496830278892, 
                12.016675593795261, 
                8.10610934053227, 
                21.895635197036682, 
                20.200200064598285, 
                23.12801666139155, 
                18.04008663606053, 
                17.1026799367709, 
                0.0, 
                17.616408196160407, 
                10.850512274005213, 
                3.5816584441437285, 
                19.519308635768493, 
                23.31716433788632, 
                2.900954785462006, 
                14.255384166728081, 
                13.012618960872656, 
                21.3920141507244, 
                20.241106681542725
            ], 
            [
                13.603954744471872, 
                10.037747067042275, 
                11.069830900018886, 
                11.783431083452273, 
                10.02870572964427, 
                13.533913056144181, 
                20.891008658999557, 
                17.032026648255968, 
                13.2867190913241, 
                16.828498478288616, 
                20.767104053134467, 
                8.815171606053273, 
                8.749304493997437, 
                17.616408196160407, 
                0.0, 
                10.448090345935988, 
                20.160263487016522, 
                19.618496281936306, 
                7.416255693244328, 
                19.199150876890364, 
                20.5963760650024, 
                9.917828561827378, 
                14.818044348991307, 
                18.239371524982715
            ], 
            [
                10.582034086350065, 
                18.17882072104819, 
                12.731900923867736, 
                6.243921987399127, 
                12.585895094226194, 
                16.523378194312766, 
                18.69359809321953, 
                13.289219565312909, 
                17.409105694767415, 
                20.74017641040086, 
                24.28687779442037, 
                9.280240989675598, 
                13.188147988510131, 
                10.850512274005213, 
                10.448090345935988, 
                0.0, 
                13.331484174160684, 
                22.584344790735578, 
                16.569681832833982, 
                13.401623743808708, 
                19.657595615234385, 
                10.673645968787175, 
                19.47561164154777, 
                21.207404828465314
            ], 
            [
                11.052096879963486, 
                26.060971098854445, 
                13.160107646715652, 
                11.348870424314299, 
                17.4325725457264, 
                21.640195696916106, 
                10.600482257883328, 
                7.67911077131778, 
                22.32481999681783, 
                20.67693238963414, 
                21.961760155073705, 
                19.356203652003774, 
                17.606611785928, 
                3.5816584441437285, 
                20.160263487016522, 
                13.331484174160684, 
                0.0, 
                19.64940324434314, 
                24.605543990918232, 
                1.9073376779324727, 
                12.52888929977198, 
                15.317627598378843, 
                22.824073680300227, 
                20.716759258701373
            ], 
            [
                18.6540925554446, 
                18.994353451565022, 
                11.931311552908591, 
                22.544568192215007, 
                13.276103049421698, 
                25.8621424283727, 
                14.5806604599946, 
                18.538397334536533, 
                18.0610171925892, 
                7.821946288027391, 
                12.51581658690335, 
                22.41395826698346, 
                19.4814389214207, 
                19.519308635768493, 
                19.618496281936306, 
                22.584344790735578, 
                19.64940324434314, 
                0.0, 
                21.027948762591034, 
                19.066556249004282, 
                18.4787318508964, 
                12.97593621880747, 
                11.62292635876342, 
                3.727266262555001
            ], 
            [
                15.232734323849606, 
                8.847648263760414, 
                13.687839011790356, 
                17.568756087506454, 
                14.624558359093616, 
                13.500477274056161, 
                22.457489135944734, 
                20.136689413629565, 
                9.437018106190497, 
                16.636610905939865, 
                18.347449212177285, 
                14.175395819790229, 
                8.133685305214438, 
                23.31716433788632, 
                7.416255693244328, 
                16.569681832833982, 
                24.605543990918232, 
                21.027948762591034, 
                0.0, 
                24.640463798740647, 
                21.32764499534629, 
                15.162789968424295, 
                11.778026447071037, 
                18.259829220694296
            ], 
            [
                12.675528399682817, 
                25.640348836517646, 
                13.389982352446122, 
                12.783164610273726, 
                16.927546972964983, 
                21.80602044393228, 
                11.13646709118468, 
                8.69446351827683, 
                22.094610503365494, 
                20.663881964728233, 
                22.29504714611226, 
                19.12898551359836, 
                17.622781300227995, 
                2.900954785462006, 
                19.199150876890364, 
                13.401623743808708, 
                1.9073376779324727, 
                19.066556249004282, 
                24.640463798740647, 
                0.0, 
                14.735124730763763, 
                14.62309852411005, 
                21.531439786924867, 
                19.269809978537655
            ], 
            [
                9.360688129002762, 
                26.67150023254527, 
                12.53366840111018, 
                15.612526670417855, 
                22.08568719081012, 
                16.71065651606286, 
                6.067061534767784, 
                8.162120702624824, 
                15.296590658256225, 
                14.604533917137509, 
                13.95036107445703, 
                25.003261443825515, 
                15.103429002612067, 
                14.255384166728081, 
                20.5963760650024, 
                19.657595615234385, 
                12.52888929977198, 
