[
	{
		"mds": [
			[
				0.0,
				22.24658712252817,
				17.58863455697853,
				8.543917033824657,
				8.952175243325678,
				12.201539391735729,
				14.773570131599378,
				16.948313441129223,
				20.280855738181277,
				19.22064982542638,
				18.178188361104652,
				10.433599607400446,
				12.365187764121496,
				11.147757749900325,
				13.365324132000957,
				18.271763558809454,
				10.518127270017079,
				22.04788370726501,
				21.17207688221442,
				19.128912370420583,
				15.449343381831193,
				12.393886027911735,
				6.065641283110891,
				9.645981505771994
			],
			[
				22.24658712252817,
				0.0,
				9.714769193634746,
				18.519984723469243,
				19.814494275527277,
				18.142979973607467,
				9.924397780793726,
				10.430983796675983,
				9.820187170860356,
				23.4122695842768,
				12.414482630916176,
				25.087064093609538,
				12.68144153409821,
				20.031379355507045,
				20.594515219861734,
				8.073430769483814,
				23.275019362700206,
				13.539662747222971,
				3.7043041546838578,
				9.65007274946651,
				13.017044014461575,
				10.849057683481256,
				17.654227141844096,
				21.192242061622988
			],
			[
				17.58863455697853,
				9.714769193634746,
				0.0,
				17.385073172442397,
				13.576636481397637,
				12.701722424154804,
				11.580175968326367,
				7.479472363407639,
				11.604629360959251,
				15.780602945222222,
				12.49714087977825,
				21.1900299140244,
				13.744583072149481,
				15.960378598924166,
				18.39099151589304,
				15.460028144162271,
				20.154749865511416,
				14.558419691259687,
				13.193742874229388,
				5.731378286236277,
				12.289528228828967,
				10.388713352629,
				13.608992197199486,
				20.076561259571367
			],
			[
				8.543917033824657,
				18.519984723469243,
				17.385073172442397,
				0.0,
				13.530677385697555,
				12.106604113879005,
				8.808040184739243,
				15.432412563531939,
				16.12737704506994,
				21.5752963185817,
				14.208474559603705,
				10.461774093480704,
				6.5893160313812835,
				11.377958324897683,
				11.26610842199912,
				13.020326317979585,
				15.153831358987283,
				17.298488696867338,
				17.164519340614778,
				18.760381720053633,
				10.78017405306379,
				12.314258188707145,
				9.15982511652393,
				8.087654752341125
			],
			[
				8.952175243325678,
				19.814494275527277,
				13.576636481397637,
				13.530677385697555,
				0.0,
				12.037358757713783,
				15.029724668028233,
				12.448091303847894,
				20.26140770815435,
				14.21704785013747,
				17.81275236175364,
				16.31941427379274,
				14.719557825764882,
				11.217388879944936,
				16.706976282799634,
				19.906798253600506,
				9.707848976985765,
				20.85843660042386,
				21.152819264950242,
				14.11438296823258,
				16.369941970988886,
				11.375058891202027,
				7.119939984383874,
				14.63964506461232
			],
			[
				12.201539391735727,
				18.142979973607467,
				12.701722424154804,
				12.106604113879005,
				12.037358757713783,
				0.0,
				12.058249681501064,
				15.93274605749507,
				13.304569542019113,
				10.723854230119116,
				9.11973726244108,
				11.126478519771968,
				10.918096735906744,
				4.152660178348517,
				8.30299040267896,
				19.02873070026042,
				20.106593037915765,
				12.043592500365117,
				18.62019179549145,
				16.943176466685546,
				7.544395233338128,
				14.094873334098535,
				8.728823807801986,
				9.985727087302058
			],
			[
				14.773570131599378,
				9.924397780793726,
				11.580175968326367,
				8.808040184739243,
				15.029724668028233,
				12.058249681501064,
				0.0,
				11.024454232890067,
				9.527002668386608,
				21.76901554732284,
				9.165774409664643,
				17.050377423414943,
				5.2915812421721915,
				13.793620412397303,
				13.933073001836469,
				7.704552915801099,
				18.993317325805766,
				12.903981631975874,
				8.404494945433852,
				12.444988038132532,
				8.29396074408612,
				7.901651834099496,
				11.24279993092937,
				13.02997782018094
			],
			[
				16.948313441129223,
				10.430983796675983,
				7.479472363407639,
				15.432412563531939,
				12.448091303847894,
				15.932746057495072,
				11.024454232890067,
				0.0,
				14.924569391836549,
				20.088751802517237,
				14.622006462462798,
				23.157690042673632,
				13.997761968377329,
				16.822206109031242,
				19.693679037567502,
				13.06330444092986,
				16.395441606872666,
				18.330207039468444,
				10.59855027057947,
				4.293729470323235,
				14.629970624514094,
				5.576765622011518,
				13.180416494815177,
				20.191434230290785
			],
			[
				20.280855738181277,
				9.820187170860356,
				11.604629360959251,
				16.12737704506994,
				20.26140770815435,
				13.304569542019113,
				9.527002668386608,
				14.924569391836549,
				0.0,
				20.537329373784722,
				4.645292548104012,
				20.051224116703086,
				11.186368112737851,
				14.460079057760982,
				14.763335479895677,
				12.854563215654402,
				26.344389949813174,
				5.208449428277357,
				10.622898339690098,
				14.350113032802739,
				7.796901352722907,
				14.539632084938006,
				15.904575759099894,
				17.35180706428004
			],
			[
				19.22064982542638,
				23.4122695842768,
				15.780602945222222,
				21.5752963185817,
				14.21704785013747,
				10.723854230119116,
				21.76901554732284,
				20.088751802517237,
				20.537329373784722,
				0.0,
				17.807782805119665,
				18.313067298988795,
				20.825117959423356,
				12.12911204083367,
				16.599205126466153,
				27.58664194232788,
				21.823147466450777,
				19.20398687194145,
				25.555246246149892,
				20.74063122984079,
				16.56925102918859,
				21.150569181004983,
				14.792170595241004,
				18.071424440267624
			],
			[
				18.178188361104652,
				12.414482630916176,
				12.49714087977825,
				14.208474559603705,
				17.81275236175364,
				9.11973726244108,
				9.165774409664643,
				14.622006462462798,
				4.645292548104012,
				17.807782805119665,
				0.0,
				16.374083042994343,
				9.088211679393305,
				11.970828897001786,
				10.545642450956263,
				13.274438355474208,
				24.43636553185004,
				3.7888755414415063,
				13.129025703958542,
				15.864072802520681,
				4.59976902499399,
				13.81098603764708,
				14.805012270377953,
				13.906567311568713
			],
			[
				10.433599607400446,
				25.087064093609538,
				21.1900299140244,
				10.461774093480704,
				16.319414273792745,
				11.126478519771968,
				17.050377423414943,
				23.157690042673632,
				20.051224116703086,
				18.313067298988795,
				16.374083042994343,
				0.0,
				12.9323158176038,
				8.888862473710562,
				6.992668523040758,
				22.721733760872972,
				20.53494909299031,
				20.395834447055858,
				24.61958016549873,
				24.628648373952455,
				14.007112559222604,
				19.36280115159651,
				10.289017347163377,
				4.7553749303380055
			],
			[
				12.365187764121496,
				12.68144153409821,
				13.744583072149481,
				6.5893160313812835,
				14.719557825764882,
				10.918096735906744,
				5.2915812421721915,
				13.997761968377329,
				11.186368112737851,
				20.825117959423356,
				9.088211679393305,
				12.932315817603802,
				0.0,
				10.122678013092894,
				9.966380571673488,
				10.13173337597815,
				18.921670426792854,
				12.904945318268798,
				12.788673250453293,
				14.926811300582042,
				7.424813430603146,
				10.866687266896085,
				10.27620661001036,
				10.514174329039298
			],
			[
				11.147757749900325,
				20.031379355507045,
				15.960378598924166,
				11.377958324897683,
				11.217388879944936,
				4.152660178348517,
				13.793620412397303,
				16.822206109031242,
				14.460079057760982,
				12.12911204083367,
				11.970828897001786,
				8.888862473710562,
				10.122678013092894,
				0.0,
				6.108726187022018,
				19.752493889965514,
				19.264046935206064,
				15.274884356300912,
				20.29330200403457,
				18.0011177318699,
				9.465309142561185,
				15.224509005780204,
				7.438823257946068,
				6.798649837705588
			],
			[
				13.365324132000957,
				20.594515219861734,
				18.39099151589304,
				11.26610842199912,
				16.706976282799634,
				8.30299040267896,
				13.933073001836469,
				19.693679037567502,
				14.763335479895677,
				16.599205126466153,
				10.545642450956263,
				6.992668523040758,
				9.966380571673488,
				6.108726187022018,
				0.0,
				18.762158685352777,
				22.96098679675882,
				13.155491986908238,
				20.815700745467726,
				21.444118762381347,
				8.002544174246912,
				17.821041180964897,
				11.631218861431055,
				6.360948137524632
			],
			[
				18.271763558809454,
				8.073430769483814,
				15.460028144162271,
				13.020326317979585,
				19.906798253600506,
				19.02873070026042,
				7.704552915801099,
				13.06330444092986,
				12.854563215654402,
				27.58664194232788,
				13.274438355474208,
				22.721733760872972,
				10.13173337597815,
				19.752493889965514,
				18.76215868535278,
				0.0,
				21.845341138121636,
				16.09536137121233,
				6.581746521120332,
				13.245489954608225,
				13.084285122720754,
				10.854933022525909,
				17.52574090242868,
				19.689688855281837
			],
			[
				10.518127270017079,
				23.275019362700206,
				20.154749865511416,
				15.153831358987283,
				9.707848976985765,
				20.106593037915765,
				18.993317325805766,
				16.395441606872666,
				26.344389949813174,
				21.823147466450777,
				24.43636553185004,
				20.53494909299031,
				18.921670426792854,
				19.264046935206064,
				22.96098679675882,
				21.845341138121636,
				0.0,
				28.367299374459257,
				23.822411446754554,
				18.900592096953353,
				22.018033051250224,
				13.746144460905006,
				11.979628068897876,
				19.25021111306323
			],
			[
				22.04788370726501,
				13.539662747222971,
				14.558419691259687,
				17.298488696867338,
				20.85843660042386,
				12.043592500365117,
				12.903981631975874,
				18.330207039468444,
				5.208449428277357,
				19.20398687194145,
				3.7888755414415063,
				20.395834447055858,
				12.904945318268798,
				15.274884356300912,
				13.155491986908238,
				16.09536137121233,
				28.367299374459257,
				0.0,
				13.362846533900791,
				17.63036113680526,
				7.529040342916103,
				17.320200062813864,
				17.551584553069425,
				17.08621251430782
			],
			[
				21.17207688221442,
				3.7043041546838578,
				13.193742874229388,
				17.164519340614778,
				21.152819264950242,
				18.62019179549145,
				8.404494945433852,
				10.59855027057947,
				10.622898339690098,
				25.555246246149892,
				13.129025703958542,
				24.61958016549873,
				12.788673250453293,
				20.29330200403457,
				20.815700745467726,
				6.581746521120332,
				23.822411446754554,
				13.362846533900791,
				0.0,
				10.667045466724762,
				13.804058294946802,
				10.854547415159272,
				18.43397723996206,
				21.640182049245443
			],
			[
				19.128912370420583,
				9.65007274946651,
				5.731378286236277,
				18.760381720053633,
				14.11438296823258,
				16.94317646668555,
				12.444988038132532,
				4.293729470323235,
				14.350113032802739,
				20.74063122984079,
				15.864072802520681,
				24.628648373952455,
				14.926811300582042,
				18.0011177318699,
				21.444118762381347,
				13.245489954608225,
				18.900592096953353,
				17.63036113680526,
				10.667045466724762,
				0.0,
				15.541277294261295,
				7.926320160569998,
				14.72036218218374,
				21.645272482951388
			],
			[
				15.449343381831193,
				13.017044014461575,
				12.289528228828967,
				10.78017405306379,
				16.369941970988886,
				7.544395233338128,
				8.29396074408612,
				14.629970624514094,
				7.796901352722907,
				16.56925102918859,
				4.59976902499399,
				14.007112559222605,
				7.424813430603146,
				9.465309142561185,
				8.002544174246912,
				13.084285122720754,
				22.018033051250224,
				7.529040342916103,
				13.804058294946802,
				15.541277294261295,
				0.0,
				13.412131586957186,
				10.508024415803233,
				11.282982427000647
			],
			[
				12.393886027911735,
				10.849057683481256,
				10.388713352629,
				12.314258188707145,
				11.375058891202027,
				14.094873334098535,
				7.901651834099496,
				5.576765622011518,
				14.539632084938006,
				21.150569181004983,
				13.81098603764708,
				19.36280115159651,
				10.866687266896085,
				15.224509005780204,
				17.821041180964897,
				10.854933022525909,
				13.746144460905006,
				17.320200062813864,
				10.854547415159272,
				7.926320160569998,
				13.412131586957186,
				0.0,
				10.512925506027647,
				16.745676110112917
			],
			[
				6.065641283110891,
				17.654227141844096,
				13.608992197199486,
				9.15982511652393,
				7.119939984383874,
				8.728823807801986,
				11.24279993092937,
				13.180416494815177,
				15.904575759099894,
				14.792170595241004,
				14.805012270377953,
				10.289017347163377,
				10.27620661001036,
				7.438823257946068,
				11.631218861431055,
				17.52574090242868,
				11.979628068897876,
				17.551584553069425,
				18.43397723996206,
				14.72036218218374,
				10.508024415803233,
				10.512925506027646,
				0.0,
				8.867717449552142
			],
			[
				9.645981505771994,
				21.192242061622988,
				20.076561259571367,
				8.087654752341125,
				14.63964506461232,
				9.985727087302058,
				13.02997782018094,
				20.191434230290785,
				17.35180706428004,
				18.071424440267624,
				13.906567311568713,
				4.755374930338004,
				10.514174329039298,
				6.798649837705588,
				6.360948137524632,
				19.689688855281833,
				19.25021111306323,
				17.08621251430782,
				21.640182049245443,
				21.645272482951388,
				11.282982427000647,
				16.745676110112917,
				8.867717449552142,
				0.0
			]
		],
		"mcc": "a",
		"day": "2018-03-01"
	},
	{
		"mds": [
			[
				0.0,
				7.979375450705226,
				2.253153298401812,
				15.212417097848443,
				15.455730139674209,
				6.982270973647209,
				13.12995921213726,
				13.501190984993977,
				13.37848318956405,
				20.59813219594901,
				12.855424029609274,
				5.679396690285796,
				17.55757523331665,
				6.974980823570522,
				13.632469775086754,
				11.929525982706586,
				18.926899145086207,
				14.03935424944297,
				9.733476006622748,
				14.104925905128654,
				3.9362335441706153,
				15.249676837094647,
				9.425674875912488,
				13.659831230160073
			],
			[
				7.979375450705226,
				0.0,
				8.308159118382147,
				12.571223675057293,
				15.316641785591898,
				8.295291573393294,
				12.351751555361359,
				12.85901644974792,
				9.608985589066155,
				17.39509985286679,
				9.017073142844733,
				9.02418032042686,
				20.91669695610714,
				12.447996461565497,
				7.308301386833728,
				11.747755649934142,
				15.647027690584329,
				11.635888186273492,
				5.080520507450395,
				7.717110308749178,
				6.955114549663503,
				12.623480495327586,
				13.581575675751651,
				19.26025223394955
			],
			[
				2.253153298401812,
				8.308159118382147,
				0.0,
				16.325775568375963,
				15.502458871946047,
				8.560495738987326,
				13.848533068950417,
				14.328045799437172,
				14.36111265648697,
				21.340363774803645,
				13.730650643091902,
				5.032392218237996,
				18.159353922792686,
				8.541588209515083,
				14.322702637923939,
				13.157317686657123,
				19.494829604239296,
				13.98031449706008,
				9.044664400273804,
				14.38861336899112,
				3.521351717932232,
				15.64997972234578,
				9.869361237580325,
				14.621128941018966
			],
			[
				15.212417097848443,
				12.571223675057293,
				16.325775568375963,
				0.0,
				19.717646116935178,
				11.998438574188876,
				8.387424271697913,
				7.272621758905201,
				6.4758496680490465,
				5.929801012063971,
				7.828988643888295,
				16.93886453809615,
				18.71456554488574,
				15.31169274079035,
				16.36596772997367,
				8.51081589478855,
				6.411532834270279,
				17.70300613078687,
				15.416206146937828,
				9.42986984431344,
				17.14836533810108,
				13.841130983800689,
				17.512921340924194,
				21.96905996886356
			],
			[
				15.455730139674209,
				15.316641785591898,
				15.502458871946047,
				19.717646116935178,
				0.0,
				11.836391671348343,
				15.857603160016751,
				17.29104362727887,
				21.172107444991934,
				25.021080600547897,
				12.92101796338572,
				19.601226205040266,
				21.80090403239851,
				17.267860308253525,
				14.547139796983343,
				16.49100091502384,
				18.031225971346615,
				4.081979102015229,
				12.926511352490785,
				18.84532419567113,
				16.586455305426444,
				7.474675266710378,
				11.093638528862034,
				13.397050883951604
			],
			[
				6.98227097364721,
				8.295291573393294,
				8.560495738987328,
				11.998438574188876,
				11.836391671348343,
				0.0,
				7.466323597936415,
				9.08147456961437,
				11.491947319905416,
				16.40067778743343,
				5.919627581085611,
				10.134113522500051,
				14.911533993238063,
				8.103085068648435,
				13.575203952832325,
				6.296873382807031,
				13.232687300313962,
				11.221256905310025,
				10.241408682308268,
				12.152215322512747,
				9.260701288636941,
				11.004256237818229,
				7.80508645413078,
				12.613279360621897
			],
			[
				13.12995921213726,
				12.351751555361359,
				13.848533068950417,
				8.387424271697913,
				15.857603160016751,
				7.466323597936414,
				0.0,
				3.374107730370008,
				12.1309193620761,
				12.676296065502887,
				5.469256150487095,
				16.38829633374251,
				11.598090759601108,
				10.299796978915385,
				17.842027516766,
				3.766902018754426,
				9.255017762619056,
				15.04729024600566,
				16.40362318442942,
				13.378325666748554,
				15.710506149750984,
				12.456907795233448,
				12.51337063145275,
				16.08284307089795
			],
			[
				13.501190984993977,
				12.85901644974792,
				14.328045799437172,
				7.272621758905201,
				17.29104362727887,
				9.08147456961437,
				3.374107730370008,
				0.0,
				10.273116591343745,
				11.367047444447529,
				6.808859910743976,
				15.55858634544926,
				13.216939813219298,
				11.346604010160661,
				17.730163871767225,
				3.7340582893408634,
				8.930761017021668,
				16.899781358740803,
				15.823894777411226,
				12.714260889521663,
				16.293935462457622,
				13.9700877492622,
				14.013088175266248,
				17.616681283144917
			],
			[
				13.37848318956405,
				9.608985589066155,
				14.36111265648697,
				6.4758496680490465,
				21.172107444991934,
				11.491947319905416,
				12.1309193620761,
				10.273116591343745,
				0.0,
				9.569047330221203,
				9.731763884091215,
				12.656632047277126,
				20.19656624509543,
				13.950236639562124,
				13.967985095587753,
				11.060402872783822,
				12.389648951072207,
				17.90297166570828,
				12.828275685432722,
				5.991132738409912,
				12.589131863733503,
				16.49731104546466,
				17.690796943965132,
				23.226674065689416
			],
			[
				20.59813219594901,
				17.395099852866785,
				21.340363774803645,
				5.929801012063972,
				25.021080600547897,
				16.40067778743343,
				12.676296065502887,
				11.367047444447529,
				9.569047330221203,
				0.0,
				13.928435999828972,
				20.454135394580252,
				21.4761981300649,
				19.57004784806914,
				19.37513289108415,
				12.22963167797315,
				10.30262334842967,
				24.20230952121812,
				20.29396951565559,
				11.800019177693338,
				20.953877893069894,
				19.071434827581644,
				23.534659178848607,
				27.674189640185382
			],
			[
				12.855424029609274,
				9.017073142844731,
				13.730650643091902,
				7.828988643888295,
				12.92101796338572,
				5.919627581085611,
				5.469256150487095,
				6.808859910743976,
				9.731763884091215,
				13.928435999828972,
				0.0,
				15.216628932397503,
				15.98818975940762,
				12.549126203085017,
				13.220251246268402,
				7.222959589843558,
				7.4247231361523065,
				11.757839549006633,
				11.870174070090453,
				10.497677185106676,
				14.268856001785103,
				8.829415981934496,
				12.498808544557697,
				16.448829428757012
			],
			[
				5.679396690285796,
				9.02418032042686,
				5.032392218237996,
				16.93886453809615,
				19.601226205040266,
				10.134113522500051,
				16.38829633374251,
				15.55858634544926,
				12.656632047277126,
				20.454135394580252,
				15.216628932397503,
				0.0,
				20.853601532007765,
				10.715633609320044,
				14.624124839953069,
				13.848558567139085,
				20.81799825161253,
				18.09795653128824,
				10.308097068300302,
				14.409764084200768,
				4.2921530452926655,
				19.41129681668284,
				14.22361221514229,
				18.20520552310661
			],
			[
				17.55757523331665,
				20.91669695610714,
				18.159353922792686,
				18.71456554488574,
				21.80090403239851,
				14.911533993238061,
				11.598090759601108,
				13.216939813219298,
				20.19656624509543,
				21.4761981300649,
				15.98818975940762,
				20.853601532007765,
				0.0,
				11.829186139388433,
				27.20348355887904,
				11.407444408256673,
				18.85535978381457,
				21.740770037781218,
				23.85138237715829,
				23.381333891142667,
				19.992149781114637,
				20.635655281928113,
				13.260591880897472,
				12.671848918251568
			],
			[
				6.974980823570522,
				12.447996461565497,
				8.541588209515083,
				15.31169274079035,
				17.267860308253525,
				8.103085068648435,
				10.299796978915385,
				11.346604010160661,
				13.950236639562124,
				19.57004784806914,
				12.549126203085017,
				10.715633609320044,
				11.829186139388433,
				0.0,
				18.91840437269836,
				8.848182298781476,
				17.741559618342755,
				17.110322803523292,
				14.900573320568355,
				17.611499932681124,
				10.062541160953954,
				17.69072281635895,
				9.433739223132264,
				11.564836007950337
			],
			[
				13.632469775086754,
				7.308301386833728,
				14.322702637923939,
				16.36596772997367,
				14.547139796983343,
				13.575203952832325,
				17.842027516766,
				17.730163871767225,
				13.967985095587753,
				19.37513289108415,
				13.220251246268402,
				14.624124839953069,
				27.20348355887904,
				18.918404372698358,
				0.0,
				18.200954861581092,
				16.72462661841522,
				10.635416216159296,
				5.851033913579819,
				9.459455317347464,
				12.593345674126814,
				12.156264509197209,
				17.372481024607286,
				22.6317300196869
			],
			[
				11.929525982706586,
				11.747755649934142,
				13.157317686657123,
				8.51081589478855,
				16.49100091502384,
				6.296873382807031,
				3.766902018754426,
				3.7340582893408625,
				11.060402872783822,
				12.22963167797315,
				7.222959589843558,
				13.848558567139087,
				11.407444408256673,
				8.848182298781476,
				18.200954861581092,
				0.0,
				10.975833298370352,
				16.39815101201178,
				14.529963373448574,
				12.72167787952343,
				13.978142284225989,
				13.963519927665313,
				11.734718455216802,
				14.892942094186527
			],
			[
				18.926899145086207,
				15.647027690584329,
				19.494829604239296,
				6.411532834270279,
				18.031225971346615,
				13.232687300313962,
				9.255017762619056,
				8.930761017021668,
				12.389648951072207,
				10.30262334842967,
				7.4247231361523065,
				20.81799825161253,
				18.85535978381457,
				17.741559618342755,
				16.72462661841522,
				10.975833298370352,
				0.0,
				16.051419069634722,
				17.409152307697987,
				12.123028613962724,
				19.645166580182504,
				11.98664979935236,
				18.66586051601184,
				22.402426952729638
			],
			[
				14.03935424944297,
				11.635888186273492,
				13.98031449706008,
				17.70300613078687,
				4.081979102015229,
				11.221256905310025,
				15.04729024600566,
				16.899781358740803,
				17.90297166570828,
				24.20230952121812,
				11.757839549006633,
				18.09795653128824,
				21.740770037781218,
				17.110322803523292,
				10.635416216159296,
				16.39815101201178,
				16.051419069634722,
				0.0,
				10.015840110631,
				15.69923247201466,
				14.273271215215866,
				6.331254337530813,
				11.295873825697443,
				15.123259934438318
			],
			[
				9.733476006622748,
				5.080520507450395,
				9.044664400273804,
				15.416206146937828,
				12.926511352490785,
				10.241408682308268,
				16.40362318442942,
				15.823894777411226,
				12.828275685432722,
				20.29396951565559,
				11.870174070090453,
				10.308097068300302,
				23.85138237715829,
				14.900573320568355,
				5.85103391357982,
				14.529963373448574,
				17.409152307697987,
				10.015840110631,
				0.0,
				10.567338572689128,
				8.046648988056674,
				12.904372130355622,
				14.313186573940662,
				18.95407397028255
			],
			[
				14.104925905128654,
				7.717110308749178,
				14.38861336899112,
				9.42986984431344,
				18.84532419567113,
				12.152215322512747,
				13.378325666748554,
				12.714260889521663,
				5.991132738409912,
				11.800019177693338,
				10.497677185106676,
				14.409764084200768,
				23.381333891142667,
				17.611499932681124,
				9.459455317347464,
				12.72167787952343,
				12.123028613962724,
				15.69923247201466,
				10.567338572689128,
				0.0,
				13.158225263635227,
				14.390350447896994,
				19.238232645615085,
				24.05302786818557
			],
			[
				3.9362335441706153,
				6.955114549663503,
				3.521351717932232,
				17.14836533810108,
				16.586455305426444,
				9.260701288636941,
				15.710506149750984,
				16.293935462457622,
				12.589131863733503,
				20.953877893069894,
				14.268856001785105,
				4.2921530452926655,
				19.992149781114637,
				10.062541160953954,
				12.593345674126814,
				13.978142284225989,
				19.645166580182504,
				14.273271215215866,
				8.046648988056674,
				13.158225263635227,
				0.0,
				15.984504781617375,
				11.468220809920226,
				15.987820626538962
			],
			[
				15.249676837094649,
				12.623480495327586,
				15.64997972234578,
				13.841130983800689,
				7.474675266710378,
				11.004256237818229,
				12.456907795233448,
				13.9700877492622,
				16.49731104546466,
				19.071434827581644,
				8.829415981934496,
				19.41129681668284,
				20.635655281928113,
				17.69072281635895,
				12.156264509197209,
				13.963519927665311,
				11.98664979935236,
				6.331254337530813,
				12.904372130355622,
				14.390350447896994,
				15.984504781617375,
				0.0,
				13.196112554965053,
				17.401327957770764
			],
			[
				9.425674875912488,
				13.581575675751651,
				9.869361237580325,
				17.512921340924194,
				11.093638528862034,
				7.80508645413078,
				12.51337063145275,
				14.013088175266248,
				17.690796943965132,
				23.534659178848607,
				12.498808544557697,
				14.22361221514229,
				13.260591880897472,
				9.433739223132264,
				17.372481024607286,
				11.734718455216802,
				18.66586051601184,
				11.295873825697443,
				14.313186573940662,
				19.238232645615085,
				11.468220809920224,
				13.196112554965053,
				0.0,
				6.153695206760004
			],
			[
				13.659831230160073,
				19.26025223394955,
				14.621128941018966,
				21.969059968863558,
				13.397050883951604,
				12.613279360621895,
				16.08284307089795,
				17.616681283144917,
				23.226674065689416,
				27.674189640185382,
				16.448829428757012,
				18.20520552310661,
				12.671848918251568,
				11.564836007950337,
				22.6317300196869,
				14.892942094186527,
				22.402426952729638,
				15.123259934438318,
				18.95407397028255,
				24.05302786818557,
				15.987820626538962,
				17.401327957770764,
				6.153695206760003,
				0.0
			]
		],
		"mcc": "b",
		"day": "2018-03-01"
	},
	{
		"mds": [
			[
				0.0,
				22.282269991616218,
				21.344200100946033,
				15.43008844576075,
				8.557027134537007,
				18.498998248348716,
				17.137159114923723,
				17.541399439862403,
				6.6777358374036195,
				14.903452556599259,
				10.552733755518618,
				23.99331411334496,
				17.01299079994083,
				13.192068105523914,
				23.73263212923108,
				11.153530449334982,
				18.801413707151923,
				9.416578757445222,
				8.277026183719197,
				16.489115675391112,
				14.97188740256028,
				24.325581396110593,
				9.905555239780213,
				19.378909742010222
			],
			[
				22.282269991616218,
				0.0,
				9.834943703578764,
				19.247128246113437,
				18.643421734638054,
				10.355691082937746,
				14.437020905257567,
				14.367190556177482,
				25.01347221468988,
				15.926558528722989,
				18.843938600552413,
				10.403947823514635,
				17.03177087100756,
				16.280940624468357,
				5.415510866492014,
				19.40024219475032,
				17.716475863737152,
				16.437016965982064,
				17.55189385006408,
				11.14910285827355,
				11.448182351191345,
				7.445349473097731,
				20.233061665131334,
				15.12472468168964
			],
			[
				21.344200100946033,
				9.834943703578764,
				0.0,
				18.35985805874984,
				19.24864904367487,
				8.658554922589701,
				12.40159291259051,
				21.466166075076693,
				25.001962258994123,
				18.329966177041182,
				19.894493385971742,
				11.372242866827731,
				18.34488800378568,
				14.025469550701402,
				11.376407550346274,
				23.032650182036075,
				23.21678815282287,
				15.602278708238298,
				15.260418902822217,
				8.349242855618614,
				14.375090318621783,
				3.9955045687205075,
				22.349675127339406,
				22.165349115853644
			],
			[
				15.43008844576075,
				19.247128246113437,
				18.35985805874984,
				0.0,
				9.959826143166355,
				20.439497699930513,
				7.259866462505403,
				18.45678244431636,
				19.05642664286694,
				22.111277829066736,
				10.282242191431187,
				25.847562605501704,
				25.301851753936667,
				19.70644870018308,
				23.088037394755283,
				20.551131981942326,
				25.375314702635723,
				9.22738422931561,
				15.020700223090774,
				18.98391732825572,
				9.978283434929997,
				19.03178431598129,
				20.54505757937243,
				22.917515614889457
			],
			[
				8.557027134537007,
				18.643421734638054,
				19.24864904367487,
				9.959826143166355,
				0.0,
				16.82324467995201,
				10.294726666895397,
				14.881906192298052,
				9.978367210329044,
				15.923349649725628,
				3.376854840979309,
				22.194350505615045,
				19.93680044160874,
				13.445779718652656,
				20.741782186510527,
				11.749463247649723,
				17.92667645733789,
				3.93672397835631,
				8.874419175156651,
				14.743330022730031,
				9.11198281272227,
				19.369870305162628,
				12.817111006268146,
				17.736941118138816
			],
			[
				18.498998248348716,
				10.355691082937746,
				8.658554922589701,
				20.439497699930513,
				16.82324467995201,
				0.0,
				15.40875237808199,
				17.463284359147938,
				21.964091604713154,
				10.508485570703902,
				18.163288544207496,
				6.540938347204326,
				10.387512168120413,
				8.695954515958137,
				7.914499472230973,
				17.061137168301787,
				17.225138547620077,
				14.14417462166113,
				11.696279372714953,
				3.8960150351709544,
				13.697791339525606,
				10.007046468968891,
				16.550758880195243,
				15.616436331418068
			],
			[
				17.137159114923723,
				14.437020905257567,
				12.40159291259051,
				7.259866462505403,
				10.294726666895397,
				15.40875237808199,
				0.0,
				16.64372246636574,
				20.14346646216267,
				20.63998007451353,
				12.581528275396813,
				20.24203383406345,
				22.29513198364826,
				16.468252565656307,
				17.465127631019495,
				20.145150099982104,
				23.887246161277318,
				9.270676736488765,
				13.284219869325163,
				14.066636804498394,
				6.419025254615443,
				12.951383044610125,
				19.632763062975723,
				21.857767369849388
			],
			[
				17.541399439862403,
				14.367190556177482,
				21.466166075076693,
				18.45678244431636,
				14.881906192298052,
				17.463284359147938,
				16.64372246636574,
				0.0,
				17.10491094155632,
				14.650690345648195,
				12.98497060542611,
				19.88776441935529,
				17.640928725414042,
				16.60373180117579,
				15.709122940341878,
				12.408864606649185,
				11.2398412483008,
				12.462823952489451,
				16.51709146238259,
				16.751361187115798,
				10.064829840860783,
				19.916864531377975,
				12.33659032661159,
				9.45597121336781
			],
			[
				6.6777358374036195,
				25.01347221468988,
				25.001962258994123,
				19.05642664286694,
				9.978367210329044,
				21.964091604713154,
				20.14346646216267,
				17.10491094155632,
				0.0,
				15.58343513266808,
				10.096830749302676,
				26.400074093444633,
				18.453255264476965,
				15.756027244586999,
				25.69673517716438,
				8.519850263702738,
				16.235373470226605,
				11.766623009298142,
				12.105325721123503,
				20.13626025789835,
				17.163176452271706,
				27.04222243506594,
				7.782566312380545,
				17.978328460514962
			],
			[
				14.903452556599259,
				15.926558528722989,
				18.329966177041182,
				22.111277829066736,
				15.923349649725628,
				10.508485570703902,
				20.63998007451353,
				14.650690345648195,
				15.58343513266808,
				0.0,
				16.999746343288198,
				13.985781445875576,
				4.849926805695328,
				6.219155927957333,
				15.134033966276625,
				8.897506012209792,
				9.733303050310665,
				15.0821015480584,
				11.01957445986338,
				11.113885293930375,
				16.66155278892419,
				19.282559681156904,
				8.372300125572641,
				10.39958167176679
			],
			[
				10.552733755518618,
				18.843938600552413,
				19.894493385971742,
				10.282242191431187,
				3.376854840979309,
				18.163288544207496,
				12.581528275396813,
				12.98497060542611,
				10.096830749302676,
				16.999746343288198,
				0.0,
				22.663178873494367,
				19.372230598418817,
				14.575700275783069,
				20.588166408866304,
				10.953247766125878,
				16.750964406791578,
				4.378068912472712,
				11.06704206424346,
				16.42368508635091,
				8.632970134472105,
				21.136098068739066,
				11.978012905709203,
				16.395013324733075
			],
			[
				23.99331411334496,
				10.403947823514635,
				11.372242866827731,
				25.847562605501704,
				22.194350505615045,
				6.540938347204326,
				20.24203383406345,
				19.88776441935529,
				26.400074093444633,
				13.985781445875576,
				22.663178873494367,
				0.0,
				12.41498177290573,
				12.695798277406118,
				7.368760903422826,
				20.46626598442518,
				18.533556864577356,
				20.164181624765323,
				17.341888767336698,
				8.563935249041553,
				19.056497604128257,
				12.196071115003292,
				19.870308802723297,
				17.758905222301333
			],
			[
				17.01299079994083,
				17.03177087100756,
				18.34488800378568,
				25.301851753936667,
				19.93680044160874,
				10.387512168120413,
				22.29513198364826,
				17.640928725414042,
				18.453255264476965,
				4.849926805695328,
				19.372230598418817,
				12.41498177290573,
				0.0,
				7.905029555607316,
				14.788741128329185,
				11.714221441503863,
				10.832387055725206,
				17.970885802079156,
				12.932582321819996,
				10.726703088964854,
				18.49375228020828,
				19.272439788716774,
				12.325632997328116,
				11.309767856499873
			],
			[
				13.192068105523914,
				16.280940624468357,
				14.025469550701402,
				19.70644870018308,
				13.445779718652656,
				8.695954515958137,
				16.468252565656307,
				16.60373180117579,
				15.756027244586999,
				6.219155927957333,
				14.575700275783069,
				12.695798277406118,
				7.905029555607316,
				0.0,
				14.641104741653686,
				12.193703275845825,
				14.77386179966773,
				12.624603206500923,
				6.488864514095728,
				6.551350480584997,
				14.948318343794293,
				16.242606728179315,
				11.847983184187068,
				14.204145047438777
			],
			[
				23.73263212923108,
				5.415510866492014,
				11.376407550346274,
				23.088037394755283,
				20.741782186510527,
				7.914499472230973,
				17.465127631019495,
				15.709122940341878,
				25.69673517716438,
				15.134033966276625,
				20.588166408866304,
				7.368760903422826,
				14.788741128329185,
				14.641104741653686,
				0.0,
				19.90452547595032,
				16.73271518516953,
				17.979142768307447,
				16.45629211644679,
				9.073713932668063,
				15.009823924599553,
				9.21523073996264,
				19.909277490107666,
				14.079336786728392
			],
			[
				11.153530449334982,
				19.40024219475032,
				23.032650182036075,
				20.551131981942326,
				11.749463247649723,
				17.061137168301787,
				20.145150099982104,
				12.408864606649185,
				8.519850263702738,
				8.897506012209792,
				10.953247766125878,
				20.46626598442518,
				11.714221441503863,
				12.193703275845825,
				19.90452547595032,
				0.0,
				9.501640465945007,
				12.40814012941308,
				11.405282554265883,
				15.428547186665796,
				14.704744908565036,
				22.428078268727226,
				0.7713883024034383,
				10.1564092544346
			],
			[
				18.801413707151923,
				17.716475863737152,
				23.21678815282287,
				25.375314702635723,
				17.92667645733789,
				17.225138547620077,
				23.887246161277318,
				11.2398412483008,
				16.235373470226605,
				9.733303050310665,
				16.750964406791578,
				18.533556864577356,
				10.832387055725206,
				14.77386179966773,
				16.73271518516953,
				9.501640465945007,
				0.0,
				17.527954748351995,
				16.502794509842715,
				16.724204476153716,
				17.50364584667773,
				23.304011620534325,
				9.101710402628196,
				4.161450864183762
			],
			[
				9.416578757445222,
				16.437016965982064,
				15.602278708238298,
				9.22738422931561,
				3.93672397835631,
				14.14417462166113,
				9.270676736488765,
				12.462823952489451,
				11.766623009298142,
				15.0821015480584,
				4.378068912472712,
				20.164181624765323,
				17.970885802079156,
				12.624603206500923,
				17.979142768307447,
				12.40814012941308,
				17.527954748351995,
				0.0,
				8.29540739436098,
				13.074150431380652,
				6.008217805571991,
				17.37551991592687,
				12.619629003551838,
				16.32687059376896
			],
			[
				8.277026183719197,
				17.55189385006408,
				15.260418902822217,
				15.020700223090774,
				8.874419175156651,
				11.696279372714953,
				13.284219869325163,
				16.51709146238259,
				12.105325721123503,
				11.01957445986338,
				11.06704206424346,
				17.341888767336698,
				12.932582321819996,
				6.488864514095728,
				16.45629211644679,
				11.405282554265883,
				16.502794509842715,
				8.29540739436098,
				0.0,
				9.28074379816955,
				11.80480037770431,
				17.25717991715058,
				11.201647545980432,
				16.36130694018483
			],
			[
				16.489115675391112,
				11.14910285827355,
				8.349242855618614,
				18.98391732825572,
				14.743330022730031,
				3.8960150351709544,
				14.066636804498394,
				16.751361187115798,
				20.13626025789835,
				11.113885293930375,
				16.42368508635091,
				8.563935249041553,
				10.726703088964854,
				6.551350480584997,
				9.073713932668063,
				15.428547186665796,
				16.724204476153716,
				13.074150431380652,
				9.28074379816955,
				0.0,
				13.14468775664193,
				10.244143071079554,
				15.13486659211904,
				15.132908289531786
			],
			[
				14.97188740256028,
				11.448182351191345,
				14.375090318621783,
				9.978283434929997,
				9.11198281272227,
				13.697791339525606,
				6.419025254615443,
				10.064829840860783,
				17.163176452271706,
				16.66155278892419,
				8.632970134472105,
				19.056497604128257,
				18.49375228020828,
				14.948318343794293,
				15.009823924599553,
				14.704744908565036,
				17.50364584667773,
				6.008217805571991,
				11.80480037770431,
				13.14468775664193,
				0.0,
				14.427492344573427,
				15.26766103940992,
				15.960932403671144
			],
			[
				24.325581396110593,
				7.445349473097731,
				3.9955045687205075,
				19.03178431598129,
				19.369870305162628,
				10.007046468968891,
				12.951383044610125,
				19.916864531377975,
				27.04222243506594,
				19.282559681156904,
				21.136098068739066,
				12.196071115003292,
				19.272439788716774,
				16.242606728179315,
				9.21523073996264,
				22.428078268727226,
				23.304011620534325,
				17.37551991592687,
				17.25717991715058,
				10.244143071079554,
				14.427492344573427,
				0.0,
				23.691921542765677,
				20.54632222938773
			],
			[
				9.905555239780213,
				20.233061665131334,
				22.349675127339406,
				20.54505757937243,
				12.817111006268146,
				16.550758880195243,
				19.632763062975723,
				12.33659032661159,
				7.782566312380545,
				8.372300125572641,
				11.978012905709203,
				19.870308802723297,
				12.325632997328116,
				11.847983184187068,
				19.909277490107666,
				0.7713883024034383,
				9.101710402628196,
				12.619629003551838,
				11.201647545980432,
				15.13486659211904,
				15.26766103940992,
				23.691921542765677,
				0.0,
				11.212091292362267
			],
			[
				19.378909742010222,
				15.12472468168964,
