[
    {
        "mds": [
            [
                0.0, 
                13.7261294307055, 
                13.289196298598283, 
                5.701570804175197, 
                9.256875217528172, 
                8.916506272115074, 
                20.480355229314345, 
                16.257900581731924, 
                8.55527510475758, 
                22.749605557430165, 
                11.4458389514343, 
                14.502620305535679, 
                14.209286361881755, 
                8.171333989398759, 
                0.7737708829429059, 
                15.186522152716316, 
                8.032548533195465, 
                14.667276869893822, 
                19.182821753123676, 
                8.733151331588523, 
                6.514059872780219, 
                12.766417523742653, 
                15.857583362943984, 
                10.528085777802731
            ], 
            [
                13.7261294307055, 
                0.0, 
                21.285778772321372, 
                16.11807186936448, 
                18.855017020096277, 
                20.12206276265888, 
                21.340820486821634, 
                14.895463667099898, 
                8.584397604358703, 
                27.4935042793618, 
                5.660023091036679, 
                11.290582115890258, 
                22.147292412756016, 
                16.12348237720988, 
                13.159643982080791, 
                13.61343629721393, 
                10.320263064523004, 
                21.981286700420323, 
                20.516118030207416, 
                20.579556023416075, 
                14.185571800168784, 
                22.20731084142965, 
                19.475687621484425, 
                19.8834413929284
            ], 
            [
                13.289196298598283, 
                21.285778772321372, 
                0.0, 
                14.16152332439649, 
                13.207242412555813, 
                9.348549027307623, 
                17.322986419657546, 
                14.49523364675079, 
                18.724750146377858, 
                11.638116211274795, 
                17.009515612752068, 
                14.002442420803623, 
                15.257517150935456, 
                15.198866132216041, 
                13.401588741938221, 
                14.566162492784168, 
                19.372724611423514, 
                2.9865063652869006, 
                13.036678395928384, 
                8.34297274204421, 
                10.496919959468828, 
                4.462253934316171, 
                13.766701396768202, 
                7.152625396439447
            ], 
            [
                5.701570804175197, 
                16.11807186936448, 
                14.16152332439649, 
                0.0, 
                13.355184065192208, 
                8.17229625815058, 
                20.475411616632037, 
                20.0380036890178, 
                9.13387488968766, 
                23.407831847059917, 
                14.209054289364449, 
                17.921685799199093, 
                17.853469984244015, 
                5.869444254261685, 
                5.399670780905679, 
                20.034197793372005, 
                8.495424147869237, 
                16.013417000544205, 
                22.34481576705194, 
                11.57763709239812, 
                11.581674060485486, 
                13.626001129962619, 
                21.114707535979225, 
                10.432424162926347
            ], 
            [
                9.256875217528172, 
                18.855017020096277, 
                13.207242412555813, 
                13.355184065192208, 
                0.0, 
                12.607376770528926, 
                26.250110123686827, 
                18.831274260155865, 
                16.083315211579453, 
                23.59490117566778, 
                17.22486117675547, 
                17.206373709826227, 
                6.76049073482104, 
                16.45153676696483, 
                8.782361519409873, 
                14.593675655542711, 
                15.36908190566818, 
                13.945404207273603, 
                18.592285868178198, 
                6.9673571500346165, 
                6.634069377415564, 
                12.490016905939758, 
                12.737471698666173, 
                14.917488503612349
            ], 
            [
                8.916506272115074, 
                20.12206276265888, 
                9.348549027307623, 
                8.17229625815058, 
                12.607376770528926, 
                0.0, 
                20.051022959174546, 
                18.769087227469562, 
                14.490173930149103, 
                18.95451702568867, 
                17.105628880827396, 
                17.326222105412775, 
                16.358362228710536, 
                8.452280619800154, 
                8.512819879027354, 
                19.47806371645236, 
                15.483817486727562, 
                11.122126359452283, 
                20.181768757745967, 
                7.303260754629845, 
                11.427857437739663, 
                8.433752663331182, 
                19.612427953124595, 
                5.828422212456396
            ], 
            [
                20.480355229314345, 
                21.340820486821634, 
                17.322986419657546, 
                20.475411616632037, 
                26.250110123686827, 
                20.051022959174546, 
                0.0, 
                14.810337306065678, 
                19.0577544859914, 
                13.801998598618193, 
                16.304400433681813, 
                14.727984565550791, 
                28.05850514874451, 
                16.90292361561027, 
                20.664586198024463, 
                21.20056972390537, 
                23.052067402174977, 
                17.37255857439895, 
                17.013004825784474, 
                21.760298822945472, 
                20.669935241186582, 
                19.565027534754254, 
                22.67056317357015, 
                14.238787099794852
            ], 
            [
                16.257900581731924, 
                14.895463667099898, 
                14.49523364675079, 
                20.0380036890178, 
                18.831274260155865, 
                18.769087227469562, 
                14.810337306065678, 
                0.0, 
                15.935823340217139, 
                15.792810772780784, 
                11.439188844597982, 
                4.352852292491718, 
                18.18852773044078, 
                18.319482983221004, 
                16.8751656740949, 
                7.779104458298346, 
                19.730525270389062, 
                12.93085008828585, 
                7.23506423937916, 
                16.905216648791207, 
                12.905413984859521, 
                16.201728889163945, 
                10.3084549311388, 
                16.41459649561415
            ], 
            [
                8.55527510475758, 
                8.584397604358703, 
                18.724750146377858, 
                9.13387488968766, 
                16.083315211579453, 
                14.490173930149103, 
                19.0577544859914, 
                15.935823340217137, 
                0.0, 
                26.308991634508164, 
                7.78504501188139, 
                13.807513525169178, 
                19.935975150013277, 
                9.40551712785959, 
                8.777928424715393, 
                17.11309297605887, 
                4.717182757814362, 
                19.349856917489806, 
                21.977774665547088, 
                16.593067614888767, 
                11.872695162556186, 
                18.48198604247753, 
                20.46326481534413, 
                14.38854793248618
            ], 
            [
                22.749605557430165, 
                27.4935042793618, 
                11.638116211274795, 
                23.407831847059917, 
                23.59490117566778, 
                18.95451702568867, 
                13.801998598618193, 
                15.792810772780784, 
                26.308991634508164, 
                0.0, 
                22.400852526357294, 
                17.17690516058118, 
                24.86439431753946, 
                22.68195999277677, 
                22.185754255904907, 
                20.97057596911548, 
                27.707615170017167, 
                11.69320397196047, 
                13.334490889175644, 
                19.277823058615027, 
                19.557155203464703, 
                14.120138522303648, 
                18.483181713806523, 
                14.540392574090196
            ], 
            [
                11.4458389514343, 
                5.660023091036679, 
                17.009515612752068, 
                14.209054289364449, 
                17.22486117675547, 
                17.105628880827396, 
                16.304400433681813, 
                11.439188844597982, 
                7.78504501188139, 
                22.400852526357294, 
                0.0, 
                8.17079750671691, 
                20.563037370899867, 
                12.498856202787874, 
                11.791882865083737, 
                13.080338850778805, 
                9.798631522982827, 
                17.355570782762346, 
                16.881437214791244, 
                17.633958998551627, 
                12.003550835379253, 
                17.97167220162184, 
                16.07403400710681, 
                15.17824291499419
            ], 
            [
                14.502620305535677, 
                11.290582115890258, 
                14.002442420803623, 
                17.921685799199093, 
                17.206373709826227, 
                17.326222105412775, 
                14.727984565550791, 
                4.352852292491718, 
                13.807513525169176, 
                17.17690516058118, 
                8.17079750671691, 
                0.0, 
                17.527570982475716, 
                17.116557247237047, 
                14.55011401014588, 
                8.005601765470388, 
                16.385266683748245, 
                14.217067668106475, 
                9.012575819349733, 
                16.760233927423403, 
                11.583137596705601, 
                16.735865400009942, 
                11.162996851897235, 
                14.44137952808574
            ], 
            [
                14.209286361881752, 
                22.147292412756016, 
                15.257517150935456, 
                17.853469984244015, 
                6.760490734821042, 
                16.358362228710536, 
                28.05850514874451, 
                18.18852773044078, 
                19.935975150013277, 
                24.86439431753946, 
                20.563037370899867, 
                17.527570982475716, 
                0.0, 
                20.60434458240214, 
                13.912378034948935, 
                13.950087465312683, 
                20.388819668499302, 
                14.764250143510733, 
                18.293374532500405, 
                10.846795713643859, 
                10.524348496576994, 
                12.700735815092258, 
                11.110491115205786, 
                18.65936841441393
            ], 
            [
                8.171333989398759, 
                16.12348237720988, 
                15.198866132216043, 
                5.869444254261685, 
                16.45153676696483, 
                8.452280619800154, 
                16.90292361561027, 
                18.319482983221004, 
                9.40551712785959, 
                22.68195999277677, 
                12.498856202787874, 
                17.116557247237047, 
                20.60434458240214, 
                0.0, 
                8.7396733641598, 
                20.561688590195455, 
                10.436363586469739, 
                15.864645580628572, 
                22.243734033519313, 
                13.820482577552191, 
                13.17968259292777, 
                15.323848418288435, 
                21.644266741012657, 
                8.266449608674884
            ], 
            [
                0.7737708829429059, 
                13.159643982080791, 
                13.401588741938221, 
                5.399670780905679, 
                8.782361519409873, 
                8.512819879027354, 
                20.664586198024463, 
                16.8751656740949, 
                8.777928424715393, 
                22.185754255904907, 
                11.791882865083737, 
                14.550114010145883, 
                13.912378034948937, 
                8.7396733641598, 
                0.0, 
                14.970268414800604, 
                8.873903822797345, 
                13.28348221430273, 
                19.88227292013527, 
                9.254591625769912, 
                6.879958562294849, 
                12.666707505894724, 
                16.44445519472185, 
                10.651161583122216
            ], 
            [
                15.186522152716316, 
                13.61343629721393, 
                14.566162492784168, 
                20.034197793372005, 
                14.593675655542711, 
                19.47806371645236, 
                21.20056972390537, 
                7.779104458298346, 
                17.11309297605887, 
                20.97057596911548, 
                13.080338850778805, 
                8.005601765470388, 
                13.950087465312683, 
                20.561688590195455, 
                14.970268414800604, 
                0.0, 
                18.02383530917291, 
                14.392714696288094, 
                9.24086180173221, 
                16.133826585522428, 
                9.73471264020634, 
                15.889227039631603, 
                6.283933210138329, 
                18.401632457643554
            ], 
            [
                8.032548533195465, 
                10.320263064523004, 
                19.372724611423514, 
                8.495424147869237, 
                15.36908190566818, 
                15.483817486727562, 
                23.052067402174977, 
                19.730525270389062, 
                4.717182757814362, 
                27.707615170017167, 
                9.798631522982827, 
                16.385266683748245, 
                20.388819668499302, 
                10.436363586469739, 
                8.873903822797347, 
                18.02383530917291, 
                0.0, 
                20.148016826459756, 
                23.438330866525778, 
                16.310076348291638, 
                13.204018650778076, 
                19.17696092835823, 
                20.364337500300323, 
                15.382570121223909
            ], 
            [
                14.667276869893822, 
                21.981286700420323, 
                2.986506365286899, 
                16.013417000544205, 
                13.945404207273603, 
                11.122126359452283, 
                17.37255857439895, 
                12.93085008828585, 
                19.349856917489806, 
                11.69320397196047, 
                17.355570782762346, 
                14.217067668106475, 
                14.764250143510733, 
                15.86464558062857, 
                13.28348221430273, 
                14.392714696288094, 
                20.148016826459756, 
                0.0, 
                11.022236372321524, 
                8.758933527517064, 
                10.760335819467457, 
                4.552739711204471, 
                12.769133188493461, 
                8.811253513465843
            ], 
            [
                19.182821753123676, 
                20.516118030207416, 
                13.036678395928384, 
                22.34481576705194, 
                18.592285868178198, 
                20.181768757745967, 
                17.013004825784474, 
                7.23506423937916, 
                21.977774665547084, 
                13.334490889175644, 
                16.881437214791244, 
                9.012575819349733, 
                18.293374532500405, 
                22.243734033519313, 
                19.88227292013527, 
                9.24086180173221, 
                23.438330866525778, 
                11.022236372321524, 
                0.0, 
                16.906487618814488, 
                14.681335452755304, 
                14.726606878611639, 
                9.487241714295223, 
                17.86519561745286
            ], 
            [
                8.733151331588523, 
                20.579556023416075, 
                8.34297274204421, 
                11.57763709239812, 
                6.9673571500346165, 
                7.303260754629845, 
                21.760298822945472, 
                16.905216648791207, 
                16.593067614888767, 
                19.277823058615027, 
                17.633958998551627, 
                16.760233927423403, 
                10.846795713643859, 
                13.820482577552191, 
                9.254591625769912, 
                16.133826585522428, 
                16.310076348291638, 
                8.758933527517064, 
                16.906487618814488, 
                0.0, 
                7.337043887598218, 
                5.305433581811845, 
                13.702347489434404, 
                10.316090701494637
            ], 
            [
                6.514059872780219, 
                14.185571800168784, 
                10.496919959468828, 
                11.581674060485486, 
                6.634069377415564, 
                11.427857437739663, 
                20.669935241186582, 
                12.905413984859521, 
                11.872695162556186, 
                19.557155203464703, 
                12.003550835379253, 
                11.583137596705598, 
                10.524348496576994, 
                13.17968259292777, 
                6.879958562294849, 
                9.73471264020634, 
                13.204018650778076, 
                10.760335819467457, 
                14.681335452755304, 
                7.337043887598218, 
                0.0, 
                9.975642218415059, 
                11.159366735130435, 
                10.358561421414478
            ], 
            [
                12.766417523742652, 
                22.20731084142965, 
                4.462253934316171, 
                13.626001129962619, 
                12.490016905939758, 
                8.433752663331182, 
                19.565027534754254, 
                16.201728889163945, 
                18.48198604247753, 
                14.120138522303648, 
                17.97167220162184, 
                16.735865400009942, 
                12.700735815092258, 
                15.323848418288435, 
                12.666707505894722, 
                15.889227039631603, 
                19.17696092835823, 
                4.552739711204471, 
                14.726606878611639, 
                5.305433581811845, 
                9.975642218415059, 
                0.0, 
                13.869916545858805, 
                8.443153991549172
            ], 
            [
                15.857583362943984, 
                19.475687621484425, 
                13.766701396768202, 
                21.114707535979225, 
                12.737471698666173, 
                19.612427953124595, 
                22.67056317357015, 
                10.3084549311388, 
                20.46326481534413, 
                18.483181713806523, 
                16.07403400710681, 
                11.162996851897235, 
                11.110491115205786, 
                21.644266741012657, 
                16.44445519472185, 
                6.283933210138329, 
                20.364337500300323, 
                12.769133188493461, 
                9.487241714295223, 
                13.702347489434404, 
                11.159366735130435, 
                13.869916545858805, 
                0.0, 
                17.864707573824145
            ], 
            [
                10.528085777802731, 
                19.8834413929284, 
                7.152625396439447, 
                10.432424162926347, 
                14.917488503612349, 
                5.828422212456396, 
                14.238787099794852, 
                16.41459649561415, 
                14.38854793248618, 
                14.540392574090196, 
                15.178242914994188, 
                14.44137952808574, 
                18.65936841441393, 
                8.266449608674884, 
                10.651161583122216, 
                18.401632457643554, 
                15.382570121223909, 
                8.811253513465843, 
                17.86519561745286, 
                10.316090701494637, 
                10.358561421414478, 
                8.443153991549172, 
                17.864707573824145, 
                0.0
            ]
        ], 
        "mcc": "a", 
        "day": "2018-03-01"
    }, 
    {
        "mds": [
            [
                0.0, 
                13.680807097864381, 
                12.82614031918024, 
                18.500922228630767, 
                23.87722039136605, 
                12.748082840417025, 
                16.010489054472373, 
                11.778508606207378, 
                16.143979666970516, 
                25.483446939794202, 
                13.351225504242379, 
                15.57061494014783, 
                7.883949726438125, 
                19.626560522453506, 
                8.813056692197522, 
                19.370970828937438, 
                20.90712152025805, 
                6.37305335277993, 
                20.62816268624477, 
                17.343142426981196, 
                12.92664942433674, 
                20.82545353046142, 
                12.48534104000835, 
                19.195987239504657
            ], 
            [
                13.680807097864381, 
                0.0, 
                16.951126754916462, 
                19.01490557671649, 
                21.1493779538113, 
                7.440322740383732, 
                10.631489416579711, 
                2.4338927299983197, 
                13.819989389434708, 
                21.75023816529802, 
                12.636263155640133, 
                9.436270173839706, 
                7.1868062848795695, 
                14.2971427917202, 
                8.46316284085207, 
                11.1522314472931, 
                19.631756174346442, 
                16.14945004104669, 
                21.7470322060379, 
                8.119710144094306, 
                10.184150142958714, 
                15.353013081911142, 
                14.805643507053857, 
                23.630375583590574
            ], 
            [
                12.82614031918024, 
                16.951126754916462, 
                0.0, 
                17.946903574087187, 
                14.67614812317088, 
                19.539199061072427, 
                12.461654095642896, 
                16.25368130399211, 
                8.42591511095132, 
                16.570543953948633, 
                10.09394167231893, 
                17.431799094177965, 
                15.585038519488542, 
                20.28500997365592, 
                15.843616474049314, 
                19.8749750117156, 
                13.77130823026233, 
                10.113330080271647, 
                15.711032371373314, 
                15.655150336919995, 
                18.654611735112656, 
                14.62812272716132, 
                2.9186409934155426, 
                16.57613869796746
            ], 
            [
                18.500922228630767, 
                19.01490557671649, 
                17.946903574087187, 
                0.0, 
                18.097877579776704, 
                16.87473507427164, 
                21.800417577765167, 
                18.73205158444871, 
                14.094197069539074, 
                15.473510655207711, 
                10.168275925586132, 
                10.806414529020026, 
                18.377711951030836, 
                11.353466339063178, 
                15.021072155466197, 
                13.09147624878066, 
                9.569541165561803, 
                16.769181671189138, 
                7.129256400631797, 
                19.167698846744457, 
                11.452614111520573, 
                23.154237248898184, 
                18.157364145565275, 
                10.42020866624671
            ], 
            [
                23.87722039136605, 
                21.1493779538113, 
                14.67614812317088, 
                18.097877579776704, 
                0.0, 
                24.55449485540042, 
                16.20473438418484, 
                21.54885285622661, 
                8.60181104453389, 
                6.00931989361149, 
                13.264622968742655, 
                16.331058713249195, 
                23.210723962125694, 
                17.068070339569697, 
                23.054742298634434, 
                16.35671855506459, 
                10.187747637321268, 
                22.004805970184343, 
                15.372187145327143, 
                14.880233960369722, 
                23.091060606728536, 
                13.720648943233854, 
                14.441822224939738, 
                21.074073602774096
            ], 
            [
                12.748082840417025, 
                7.440322740383732, 
                19.539199061072427, 
                16.87473507427164, 
                24.55449485540042, 
                0.0, 
                15.637552695651294, 
                7.029514558182378, 
                17.078955053193386, 
                24.760560185052263, 
                14.045747705688918, 
                9.573272219473585, 
                7.693399838226046, 
                13.739025054613085, 
                4.5674103337225045, 
                12.085763372792382, 
                19.93521574783908, 
                16.085320522979355, 
                20.712346380778683, 
                13.262701136831442, 
                6.565392009458501, 
                21.319046133721386, 
                18.143477866442765, 
                22.717687866144786
            ], 
            [
                16.010489054472373, 
                10.631489416579711, 
                12.461654095642896, 
                21.800417577765167, 
                16.20473438418484, 
                15.637552695651294, 
                0.0, 
                9.733368230212582, 
                9.790605211712977, 
                18.867850080767372, 
                13.174753754193091, 
                14.034517909467205, 
                13.73607136669169, 
                17.457513843162616, 
                15.318581153516066, 
                14.787933389725652, 
                18.426604669266627, 
                17.617907001296647, 
                21.562415225780644, 
                6.540867363405942, 
                17.535309894697527, 
                6.159028442450343, 
                10.511192513831135, 
                25.734013149687755
            ], 
            [
                11.778508606207378, 
                2.4338927299983197, 
                16.25368130399211, 
                18.73205158444871, 
                21.54885285622661, 
                7.029514558182378, 
                9.733368230212582, 
                0.0, 
                13.969829409882367, 
                22.471111794608742, 
                11.452448328080823, 
                9.411827909574072, 
                6.192255350247134, 
                14.471578120485082, 
                8.366257130654303, 
                12.212023014606743, 
                18.884388566735836, 
                13.77631006708042, 
                20.791744311012966, 
                8.464654505941446, 
                10.541342176573238, 
                15.39734993385877, 
                14.023082247826814, 
                22.926549977906568
            ], 
            [
                16.143979666970516, 
                13.819989389434708, 
                8.42591511095132, 
                14.094197069539074, 
                8.60181104453389, 
                17.078955053193386, 
                9.790605211712977, 
                13.969829409882367, 
                0.0, 
                10.885982112768254, 
                6.350683050488611, 
                11.271740982507465, 
                14.779695376116157, 
                12.902437337560512, 
                15.601729032921813, 
                12.261842436700602, 
                9.288542427658166, 
                14.964054291669713, 
                13.211675582896913, 
                10.460452105598762, 
                15.091825052460324, 
                10.053769707585248, 
                7.400455000328473, 
                17.79105793397511
            ], 
            [
                25.483446939794202, 
                21.75023816529802, 
                16.570543953948633, 
                15.473510655207711, 
                6.00931989361149, 
                24.760560185052263, 
                18.867850080767372, 
                22.471111794608742, 
                10.885982112768254, 
                0.0, 
                12.687200273511577, 
                16.787802869062563, 
                23.955060125982666, 
                16.213350279657526, 
                23.41865309668571, 
                16.83111433566448, 
                7.194202615527223, 
                22.2653015453618, 
                11.198245119895287, 
                18.498840768492254, 
                21.891039711230466, 
                17.073020429091304, 
                15.205149434887282, 
                16.469647876834173
            ], 
            [
                13.351225504242379, 
                12.636263155640133, 
                10.09394167231893, 
                10.168275925586132, 
                13.264622968742655, 
                14.045747705688918, 
                13.174753754193091, 
                11.452448328080823, 
                6.350683050488611, 
                12.687200273511577, 
                0.0, 
                8.123647464517473, 
                12.700778148345123, 
                10.65688236343205, 
                11.894081541918704, 
                11.527812905676837, 
                8.956755645437044, 
                11.500046831675071, 
                9.822854655227633, 
                12.01747468641124, 
                10.628115431696928, 
                15.438033537534604, 
                9.107323976029312, 
                12.518707401971003
            ], 
            [
                15.57061494014783, 
                9.436270173839706, 
                17.431799094177965, 
                10.806414529020026, 
                16.331058713249195, 
                9.573272219473585, 
                14.034517909467205, 
                9.411827909574072, 
                11.271740982507465, 
                16.787802869062563, 
                8.123647464517473, 
                0.0, 
                11.886290613805286, 
                5.733882354927824, 
                9.735099664710443, 
                5.603435765601763, 
                13.700432927121213, 
                15.377567552340114, 
                15.180811727246514, 
                10.668262376911601, 
                7.9790830916928055, 
                16.817121336333454, 
                15.24336298697765, 
                17.69239783843183
            ], 
            [
                7.883949726438125, 
                7.1868062848795695, 
                15.585038519488542, 
                18.377711951030836, 
                23.21072396212569, 
                7.693399838226046, 
                13.73607136669169, 
                6.192255350247134, 
                14.779695376116157, 
                23.955060125982666, 
                12.700778148345123, 
                11.886290613805286, 
                0.0, 
                17.539753508754124, 
                4.22747986808141, 
                15.401879054693046, 
                20.6951477243526, 
                11.059194938592016, 
                20.137748508462973, 
                13.173506188880305, 
                9.637579121847406, 
                18.451797869500776, 
                14.310271902244754, 
                20.436183707000573
            ], 
            [
                19.626560522453506, 
                14.2971427917202, 
                20.28500997365592, 
                11.353466339063178, 
                17.068070339569697, 
                13.739025054613085, 
                17.457513843162616, 
                14.471578120485082, 
                12.902437337560512, 
                16.213350279657526, 
                10.65688236343205, 
                5.733882354927824, 
                17.539753508754124, 
                0.0, 
                14.237483336857812, 
                4.784562337013105, 
                12.159216545551889, 
                19.98931202606549, 
                13.866837321603853, 
                12.375823168651124, 
                11.553510314720167, 
                19.19883456923158, 
                18.590450163680497, 
                19.12258936572583
            ], 
            [
                8.813056692197522, 
                8.46316284085207, 
                15.843616474049314, 
                15.021072155466197, 
                23.054742298634437, 
                4.5674103337225045, 
                15.318581153516066, 
                8.366257130654303, 
                15.601729032921813, 
                23.41865309668571, 
                11.894081541918704, 
                9.735099664710443, 
                4.22747986808141, 
                14.237483336857812, 
                0.0, 
                12.77228000850015, 
                18.45024866692055, 
                11.468142820693375, 
                18.784403600413043, 
                13.665092575649407, 
                6.181700916182175, 
                20.782149443992225, 
                15.00967759895751, 
                18.70575087289624
            ], 
            [
                19.370970828937438, 
                11.1522314472931, 
                19.8749750117156, 
                13.09147624878066, 
                16.35671855506459, 
                12.085763372792382, 
                14.787933389725652, 
                12.212023014606743, 
                12.261842436700602, 
                16.83111433566448, 
                11.527812905676837, 
                5.603435765601763, 
                15.401879054693046, 
                4.784562337013105, 
                12.77228000850015, 
                0.0, 
                13.508693607516657, 
                19.99645940213155, 
                16.3301446246113, 
                10.883282390218227, 
                11.646967627720311, 
                17.759607927827695, 
                18.064590710839315, 
                20.867012242735008
            ], 
            [
                20.90712152025805, 
                19.631756174346442, 
                13.77130823026233, 
                9.569541165561803, 
                10.187747637321268, 
                19.93521574783908, 
                18.426604669266627, 
                18.884388566735836, 
                9.288542427658166, 
                7.194202615527223, 
                8.956755645437044, 
                13.700432927121213, 
                20.6951477243526, 
                12.159216545551889, 
                18.45024866692055, 
                13.508693607516657, 
                0.0, 
                17.60595902329486, 
                7.282935031533377, 
                16.019849289044725, 
                17.037364800762177, 
                17.957854755343533, 
                13.629757303727816, 
                12.536246742832823
            ], 
            [
                6.37305335277993, 
                16.14945004104669, 
                10.113330080271647, 
                16.769181671189138, 
                22.004805970184343, 
                16.085320522979355, 
                17.617907001296647, 
                13.77631006708042, 
                14.964054291669713, 
                22.2653015453618, 
                11.500046831675071, 
                15.377567552340116, 
                11.059194938592016, 
                19.989312026065488, 
                11.468142820693375, 
                19.996459402131553, 
                17.60595902329486, 
                0.0, 
                16.1870916287578, 
                18.35420561935711, 
                13.286248334431171, 
                19.935982424533073, 
                11.53262335406648, 
                14.423752606200747
            ], 
            [
                20.62816268624477, 
                21.7470322060379, 
                15.711032371373314, 
                7.129256400631797, 
                15.372187145327143, 
                20.712346380778683, 
                21.562415225780644, 
                20.791744311012966, 
                13.211675582896913, 
                11.198245119895287, 
                9.822854655227633, 
                15.180811727246514, 
                20.137748508462973, 
                13.866837321603853, 
                18.784403600413043, 
                16.3301446246113, 
                7.282935031533377, 
                16.1870916287578, 
                0.0, 
                19.966492063344216, 
                15.418090328605048, 
                22.417740072199354, 
                15.999413695395859, 
                6.497099899997052
            ], 
            [
                17.343142426981196, 
                8.119710144094306, 
                15.655150336919995, 
                19.167698846744457, 
                14.880233960369722, 
                13.262701136831442, 
                6.540867363405942, 
                8.464654505941446, 
                10.460452105598762, 
                18.498840768492254, 
                12.01747468641124, 
                10.668262376911601, 
                13.173506188880305, 
                12.375823168651124, 
                13.665092575649407, 
                10.883282390218227, 
                16.019849289044725, 
                18.35420561935711, 
                19.966492063344216, 
                0.0, 
                15.746982208335336, 
                8.918463528716899, 
                12.786661023467797, 
                24.200644425872316
            ], 
            [
                12.92664942433674, 
                10.184150142958714, 
                18.654611735112656, 
                11.452614111520573, 
                23.091060606728536, 
                6.565392009458501, 
                17.535309894697527, 
                10.541342176573238, 
                15.091825052460324, 
                21.891039711230466, 
                10.628115431696928, 
                7.9790830916928055, 
                9.637579121847406, 
                11.553510314720167, 
                6.181700916182175, 
                11.646967627720311, 
                17.037364800762177, 
                13.286248334431171, 
