[
    {
        "mds": [
            [
                0.0, 
                0.009708516943257221, 
                0.12650840117904957, 
                0.1331176370846888, 
                0.1966766823323414, 
                0.32114641765293495, 
                0.5199388523793591, 
                0.7778533440044352, 
                0.9781721816066802, 
                1.109431430842353, 
                1.4073648900559075, 
                1.3678536033373316, 
                1.2692928038771016, 
                1.2660352501666383, 
                0.8177122141030146, 
                0.6494422174953481, 
                0.6733428590499347, 
                0.3938503142352847, 
                0.28767930297510336, 
                0.17273317222852444, 
                0.11609793479357246, 
                0.05502367315479818, 
                0.012993888674919444, 
                0.008635578583765112
            ], 
            [
                0.00970851694325722, 
                0.0, 
                0.11682440902013173, 
                0.12395108824465642, 
                0.18760116067047938, 
                0.3129710312303896, 
                0.5112552734357342, 
                0.7709764820587008, 
                0.9705783875386533, 
                1.1023144338023416, 
                1.4005504912008828, 
                1.3611183976646923, 
                1.2619570163227973, 
                1.2592045726669074, 
                0.8119863227238416, 
                0.6454386405254765, 
                0.6656700014053346, 
                0.3867258473552331, 
                0.278523295575687, 
                0.16348168315897976, 
                0.11069501479165939, 
                0.04668291199731248, 
                0.02125134514256361, 
                0.012993402892002355
            ], 
            [
                0.12650840117904955, 
                0.11682440902013175, 
                0.0, 
                0.03367875647668391, 
                0.083329305861787, 
                0.21809527174111737, 
                0.4058607032798779, 
                0.6869693430067959, 
                0.8767733762451444, 
                1.013898124170402, 
                1.3150792230777932, 
                1.2766684314163221, 
                1.1705413190865899, 
                1.1738334916718047, 
                0.7421291263398418, 
                0.5991428191629976, 
                0.5722933808151068, 
                0.3049940312532061, 
                0.16887069199786986, 
                0.05743377287684766, 
                0.10345174419127463, 
                0.07956717365309289, 
                0.1359224878976734, 
                0.1262133208160017
            ], 
            [
                0.1331176370846888, 
                0.12395108824465643, 
                0.03367875647668391, 
                0.0, 
                0.06375344138667423, 
                0.1943306192624077, 
                0.3884690746112709, 
                0.6609258865928397, 
                0.8541405065651911, 
                0.9894654028521089, 
                1.2898805292551927, 
                1.2511610778586455, 
                1.1471889487685931, 
                1.1485492453514314, 
                0.7128451671694251, 
                0.5665332396341347, 
                0.5491869138862622, 
                0.2772724042837993, 
                0.15457368922338927, 
                0.03978326950789438, 
                0.07796138890826945, 
                0.07938420225917528, 
                0.14003278671121613, 
                0.1306294797862211
            ], 
            [
                0.19667668233234142, 
                0.18760116067047938, 
                0.08332930586178697, 
                0.06375344138667426, 
                0.0, 
                0.134890079592174, 
                0.32500696493792225, 
                0.604142389959081, 
                0.7935391889607634, 
                0.9306006913711099, 
                1.2318953206556085, 
                1.193565134208279, 
                1.0872301624062264, 
                1.090676574254427, 
                0.6621624531566283, 
                0.5288573052480156, 
                0.4889816567588237, 
                0.2239901521827424, 
                0.09113824226327791, 
                0.02598729156332972, 
                0.11935044316094559, 
                0.14235668466180687, 
                0.20311159180636232, 
                0.19385054489117712
            ], 
            [
                0.32114641765293495, 
                0.3129710312303896, 
                0.21809527174111737, 
                0.1943306192624077, 
                0.134890079592174, 
                0.0, 
                0.20311159180636237, 
                0.46945025300130827, 
                0.6598100721492995, 
                0.7958403010009437, 
                1.0970105542146993, 
                1.0586785395773932, 
                0.9529781726523078, 
                0.9557870467250132, 
                0.5318232147455804, 
                0.4188255613126081, 
                0.3548724647636473, 
                0.09610978317143862, 
                0.07685664939550936, 
                0.160666543656535, 
                0.21788847632544364, 
                0.2662910476414872, 
                0.32500696493792225, 
                0.3166330610923707
            ], 
            [
                0.5199388523793591, 
                0.5112552734357342, 
                0.4058607032798779, 
                0.3884690746112709, 
                0.32500696493792225, 
                0.20311159180636237, 
                0.0, 
                0.32791815968045407, 
                0.4820207063922725, 
                0.6278657125512432, 
                0.9310656977214719, 
                0.8952046442041569, 
                0.7767278253279407, 
                0.7917894189486512, 
                0.427901913207287, 
                0.40835929654899816, 
                0.19204698202248746, 
                0.17813829588786365, 
                0.23731908025455498, 
                0.3504953723680357, 
                0.42079313862268775, 
                0.4649443245513713, 
                0.5249498627451629, 
                0.5161673891460042
            ], 
            [
                0.7778533440044352, 
                0.7709764820587008, 
                0.6869693430067959, 
                0.6609258865928397, 
                0.604142389959081, 
                0.46945025300130827, 
                0.32791815968045407, 
                0.0, 
                0.2219810747225818, 
                0.33310123914103795, 
                0.62961729392393, 
                0.5904491830671939, 
                0.4959981551899137, 
                0.48825312387523206, 
                0.13049331011066845, 
                0.28484504508630104, 
                0.13781692372018867, 
                0.38466688811902294, 
                0.532947020717125, 
                0.6296954862318307, 
                0.66363328806621, 
                0.7252813804696018, 
                0.7788002056703234, 
                0.7718091918757177
            ], 
            [
                0.9781721816066801, 
                0.9705783875386533, 
                0.8767733762451443, 
                0.8541405065651911, 
                0.7935391889607634, 
                0.6598100721492995, 
                0.4820207063922725, 
                0.2219810747225818, 
                0.0, 
                0.1529838346713768, 
                0.4519386912336097, 
                0.4184958466224495, 
                0.2948876943058831, 
                0.3164174172727227, 
                0.2861263059798241, 
                0.4954465423337059, 
                0.30505674664663507, 
                0.5858836165355569, 
                0.7129446970526456, 
                0.8195216858090343, 
                0.8670423595939989, 
                0.9240828490886, 
                0.9805092180837239, 
                0.9728362635662123
            ], 
            [
                1.1094314308423532, 
                1.1023144338023416, 
                1.013898124170402, 
                0.9894654028521089, 
                0.9306006913711099, 
                0.7958403010009437, 
                0.6278657125512432, 
                0.33310123914103795, 
                0.15298383467137644, 
                0.0, 
                0.30325780201889535, 
                0.26765135341819757, 
                0.16466734383988646, 
                0.16456028123936725, 
                0.3432554773834299, 
                0.5674109749542391, 
                0.4429617432590216, 
                0.7155942640236606, 
                0.8535824326901502, 
                0.9564651252031376, 
                0.99592663734498, 
                1.0562748033110811, 
                1.110789174817648, 
                1.1035950427915129
            ], 
            [
                1.4073648900559075, 
                1.4005504912008828, 
                1.3150792230777932, 
                1.2898805292551927, 
                1.2318953206556085, 
                1.0970105542146993, 
                0.9310656977214719, 
                0.62961729392393, 
                0.4519386912336096, 
                0.30325780201889535, 
                0.0, 
                0.04250269028512836, 
                0.1734474553352687, 
                0.1413730823308653, 
                0.6097711761308129, 
                0.8272975315611593, 
                0.7457179829416155, 
                1.0142491224603045, 
                1.1561876208636679, 
                1.2576651922415205, 
                1.2927864870785597, 
                1.3548971274282446, 
                1.408120526109163, 
                1.4012420739515434
            ], 
            [
                1.3678536033373316, 
                1.3611183976646923, 
                1.2766684314163221, 
                1.2511610778586455, 
                1.193565134208279, 
                1.0586785395773932, 
                0.8952046442041569, 
                0.5904491830671939, 
                0.4184958466224494, 
                0.26765135341819757, 
                0.04250269028512836, 
                0.0, 
                0.15401962910823053, 
                0.10345174419127415, 
                0.5679811098498234, 
                0.78502006599888, 
                0.7085805514569676, 
                0.975104586497426, 
                1.1186970555961562, 
                1.2192820070717703, 
                1.2530660056242582, 
                1.315583155755537, 
                1.3684645180517283, 
                1.3616626561240395
            ], 
            [
                1.2692928038771016, 
                1.2619570163227976, 
                1.1705413190865896, 
                1.1471889487685931, 
                1.0872301624062264, 
                0.9529781726523078, 
                0.7767278253279407, 
                0.4959981551899137, 
                0.2948876943058829, 
                0.16466734383988646, 
                0.1734474553352687, 
                0.15401962910823053, 
                0.0, 
                0.09629584293257619, 
                0.5055226781902373, 
                0.729644960721047, 
                0.5982486487917047, 
                0.8756462951619148, 
                1.0075824886153504, 
                1.1131881041450102, 
                1.1566645407113891, 
                1.215673300023353, 
                1.2710701087551466, 
                1.2636695523103363
            ], 
            [
                1.2660352501666383, 
                1.2592045726669074, 
                1.1738334916718047, 
                1.1485492453514314, 
                1.090676574254427, 
                0.9557870467250132, 
                0.7917894189486512, 
                0.48825312387523206, 
                0.31641741727272255, 
                0.16456028123936725, 
                0.1413730823308653, 
                0.10345174419127415, 
                0.09629584293257619, 
                0.0, 
                0.4727505243507722, 
                0.693251608933623, 
                0.605190494198288, 
                0.872876983542731, 
                1.0154163866815535, 
                1.1164277495286732, 
                1.151524361128999, 
                1.2135345002856204, 
                1.266831597635433, 
                1.2599299636449586
            ], 
            [
                0.8177122141030145, 
                0.8119863227238416, 
                0.7421291263398418, 
                0.7128451671694251, 
                0.6621624531566283, 
                0.5318232147455804, 
                0.427901913207287, 
                0.13049331011066845, 
                0.2861263059798241, 
                0.3432554773834299, 
                0.6097711761308129, 
                0.5679811098498234, 
                0.5055226781902373, 
                0.4727505243507722, 
                0.0, 
                0.22422226557893526, 
                0.2525504351082105, 
                0.43827940727560727, 
                0.6029995197241189, 
                0.6864372934809087, 
                0.7016213811473881, 
                0.7684118055765834, 
                0.8166293597453879, 
                0.8107791807683088
            ], 
            [
                0.6494422174953481, 
                0.6454386405254765, 
                0.5991428191629976, 
                0.5665332396341348, 
                0.5288573052480156, 
                0.41882556131260806, 
                0.40835929654899816, 
                0.28484504508630104, 
                0.4954465423337059, 
                0.5674109749542391, 
                0.8272975315611594, 
                0.78502006599888, 
                0.729644960721047, 
                0.6932516089336229, 
                0.22422226557893526, 
                0.0, 
                0.31777120545913956, 
                0.32527784798891973, 
                0.4956822107081175, 
                0.5493411127730795, 
                0.5359750904394772, 
                0.606506626560943, 
                0.6457833208258885, 
                0.6416097455427853
            ], 
            [
                0.6733428590499347, 
                0.6656700014053346, 
                0.5722933808151068, 
                0.5491869138862622, 
                0.4889816567588237, 
                0.35487246476364726, 
                0.19204698202248746, 
                0.13781692372018867, 
                0.30505674664663507, 
                0.44296174325902177, 
                0.7457179829416154, 
                0.7085805514569677, 
                0.5982486487917048, 
                0.605190494198288, 
                0.2525504351082105, 
                0.31777120545913956, 
                0.0, 
                0.2827713439388013, 
                0.4106220663976007, 
                0.5149410824857386, 
                0.5630889880023313, 
                0.6191305171926379, 
                0.6759023568548757, 
                0.6681172976287625
            ], 
            [
                0.3938503142352847, 
                0.3867258473552331, 
                0.3049940312532061, 
                0.2772724042837993, 
                0.2239901521827424, 
                0.09610978317143862, 
                0.17813829588786365, 
                0.38466688811902294, 
                0.5858836165355569, 
                0.7155942640236606, 
                1.0142491224603045, 
                0.975104586497426, 
                0.8756462951619148, 
                0.872876983542731, 
                0.43827940727560727, 
                0.32527784798891973, 
                0.2827713439388013, 
                0.0, 
                0.17208349901234865, 
                0.24858696293401344, 
                0.28124555344557467, 
                0.3407809966694909, 
                0.39542880351103427, 
                0.38808999946875594
            ], 
            [
                0.28767930297510336, 
                0.278523295575687, 
                0.16887069199786986, 
                0.1545736892233893, 
                0.09113824226327791, 
                0.07685664939550936, 
                0.23731908025455498, 
                0.532947020717125, 
                0.7129446970526456, 
                0.8535824326901502, 
                1.1561876208636679, 
                1.1186970555961564, 
                1.0075824886153504, 
                1.0154163866815535, 
                0.6029995197241189, 
                0.4956822107081175, 
                0.4106220663976007, 
                0.17208349901234865, 
                0.0, 
                0.11519451956944368, 
                0.20388340677730288, 
                0.23348981060459062, 
                0.2942469886305846, 
                0.28497062732276907
            ], 
            [
                0.1727331722285244, 
                0.16348168315897976, 
                0.05743377287684766, 
                0.039783269507894334, 
                0.02598729156332972, 
                0.160666543656535, 
                0.35049537236803563, 
                0.6296954862318307, 
                0.8195216858090343, 
                0.9564651252031375, 
                1.2576651922415205, 
                1.2192820070717703, 
                1.1131881041450102, 
                1.1164277495286732, 
                0.6864372934809087, 
                0.5493411127730795, 
                0.5149410824857386, 
                0.24858696293401344, 
                0.11519451956944368, 
                0.0, 
                0.10625553763100386, 
                0.11916597704211986, 
                0.17980707420404218, 
                0.17038590915737178
            ], 
            [
                0.11609793479357246, 
                0.11069501479165939, 
                0.10345174419127463, 
                0.07796138890826945, 
                0.11935044316094559, 
                0.21788847632544364, 
                0.42079313862268775, 
                0.66363328806621, 
                0.8670423595939989, 
                0.99592663734498, 
                1.2927864870785597, 
                1.253066005624258, 
                1.1566645407113891, 
                1.151524361128999, 
                0.7016213811473881, 
                0.5359750904394772, 
                0.5630889880023314, 
                0.28124555344557467, 
                0.20388340677730288, 
                0.10625553763100386, 
                0.0, 
                0.07093067711218484, 
                0.115505685133227, 
                0.10921358679131385
            ], 
            [
                0.05502367315479819, 
                0.04668291199731248, 
                0.07956717365309289, 
                0.07938420225917528, 
                0.14235668466180687, 
                0.2662910476414872, 
                0.4649443245513713, 
                0.7252813804696018, 
                0.9240828490886, 
                1.056274803311081, 
                1.3548971274282446, 
                1.3155831557555369, 
                1.215673300023353, 
                1.2135345002856204, 
                0.7684118055765834, 
                0.606506626560943, 
                0.6191305171926379, 
                0.3407809966694909, 
                0.23348981060459062, 
                0.11916597704211986, 
                0.07093067711218484, 
                0.0, 
                0.060758828175518614, 
                0.05152415472440228
            ], 
            [
                0.012993888674919444, 
                0.02125134514256361, 
                0.1359224878976734, 
                0.14003278671121613, 
                0.2031115918063623, 
                0.32500696493792225, 
                0.5249498627451629, 
                0.7788002056703234, 
                0.9805092180837239, 
                1.110789174817648, 
                1.408120526109163, 
                1.3684645180517283, 
                1.2710701087551466, 
                1.266831597635433, 
                0.8166293597453879, 
                0.6457833208258885, 
                0.6759023568548757, 
                0.39542880351103427, 
                0.2942469886305846, 
                0.17980707420404218, 
                0.115505685133227, 
                0.06075882817551862, 
                0.0, 
                0.009709167081671688
            ], 
            [
                0.008635578583765112, 
                0.012993402892002355, 
                0.1262133208160017, 
                0.1306294797862211, 
                0.19385054489117712, 
                0.3166330610923707, 
                0.5161673891460042, 
                0.7718091918757177, 
                0.9728362635662123, 
                1.1035950427915129, 
                1.4012420739515434, 
                1.3616626561240395, 
                1.2636695523103363, 
                1.2599299636449586, 
                0.8107791807683088, 
                0.6416097455427853, 
                0.6681172976287625, 
                0.38808999946875594, 
                0.28497062732276907, 
                0.17038590915737178, 
                0.10921358679131385, 
                0.05152415472440228, 
                0.009709167081671688, 
                0.0
            ]
        ], 
        "mcc": "a", 
        "day": "2018-03-01"
    }, 
    {
        "mds": [
            [
                0.0, 
                0.007923407065037965, 
                0.05463237175642896, 
                0.12173664499709501, 
                0.1581687119579562, 
                0.39247773370005995, 
                0.5255569625915119, 
                0.7033231923731179, 
                0.9579033001789321, 
                1.3280264987344323, 
                1.073198872958277, 
                1.0016993457937842, 
                1.1821160045814836, 
                1.1292477666399439, 
                0.930641796204013, 
                0.7629694794055085, 
                0.5281763529748971, 
                0.42635452654879086, 
                0.23730558178307307, 
                0.18649327793651754, 
                0.10334670489063044, 
                0.08482278729904022, 
                0.027026898719153824, 
                0.01801824897218978
            ], 
            [
                0.007923407065037965, 
                0.0, 
                0.05405474691656935, 
                0.11655526559514859, 
                0.15295592493116983, 
                0.3894064996038978, 
                0.5209024954993543, 
                0.697433240333117, 
                0.9519535092644378, 
                1.3220704775428114, 
                1.0686189155256343, 
                0.9973785868373335, 
                1.17625066971309, 
                1.1255887927004864, 
                0.924375096610873, 
                0.7584027499758653, 
                0.5220541184968577, 
                0.42245297642347557, 
                0.23106150652912513, 
                0.17921162988007472, 
                0.09718981744276481, 
                0.07887844675603513, 
                0.02816440366657338, 
                0.019683436578557912
            ], 
            [
                0.05463237175642896, 
                0.05405474691656935, 
                0.0, 
                0.08226438700354927, 
                0.11685867559687871, 
                0.3400014342810748, 
                0.478001267052912, 
                0.6623361065891967, 
                0.9170388711110447, 
                1.2869802924702225, 
                1.0248874632054217, 
                0.9524220472053184, 
                1.1405170567063765, 
                1.0778508951074885, 
                0.8922061285415948, 
                0.7147681155892169, 
                0.4893116801787649, 
                0.37610643102265956, 
                0.2018117700973077, 
                0.16506680917595123, 
                0.07449848579722457, 
                0.057444701221525264, 
                0.02816531479853955, 
                0.03689728395984678
            ], 
            [
                0.12173664499709501, 
                0.11655526559514859, 
                0.08226438700354927, 
                0.0, 
                0.03643216758109451, 
                0.2801178093105794, 
                0.4046699890394739, 
                0.5823844097347424, 
                0.8370796018260456, 
                1.2071738850580604, 
                0.9524220472053184, 
                0.8816779789174926, 
                1.0610308820047298, 
                1.0118977203039385, 
                0.8110963352230098, 
                0.6422589215819674, 
                0.40821601958126075, 
                0.3085051855466103, 
                0.11955341170985857, 
                0.09191218547958163, 
                0.027026898719153817, 
                0.03963641052564719, 
                0.10334670489063044, 
                0.10907762963507137
            ], 
            [
                0.1581687119579562, 
                0.15295592493116983, 
                0.11685867559687871, 
                0.03643216758109451, 
                0.0, 
                0.248167171410271, 
                0.36858659351226836, 
                0.5462731416156635, 
                0.8009878768093759, 
                1.171054714323288, 
                0.9163131521567491, 
                0.8458364577028068, 
                1.0248348629309216, 
                0.9769587810202938, 
                0.7754732717984467, 
                0.6061991553449263, 
                0.37256041030493897, 
                0.2738660223469634, 
                0.08653422758343503, 
                0.07965755090468249, 
                0.05931831587109621, 
                0.07518483622544779, 
                0.1393454900967033, 
                0.14533239561075237
            ], 
            [
                0.39247773370005995, 
                0.3894064996038978, 
                0.34000143428107477, 
                0.2801178093105794, 
                0.248167171410271, 
                0.0, 
                0.1681042762004382, 
                0.38460540413791017, 
                0.6267963110288974, 
                0.988372967257913, 
                0.6944307569561697, 
                0.6187486869183187, 
                0.8410458916052512, 
                0.7384936643394464, 
                0.6178234603188416, 
                0.3880273990788797, 
                0.2556419890134053, 
                0.058146939529346534, 
                0.21872209766867837, 
                0.28876038901977885, 
                0.30627692821651964, 
                0.319290217150415, 
                0.36781841405308124, 
                0.3760017393374177
            ], 
            [
                0.5255569625915119, 
                0.5209024954993543, 
                0.478001267052912, 
                0.4046699890394739, 
                0.36858659351226836, 
                0.1681042762004382, 
                0.0, 
                0.2179768021290258, 
                0.45912274932976305, 
                0.8229092509671811, 
                0.5477527224889762, 
                0.4777460930298244, 
                0.6754710561480142, 
                0.614756157235422, 
                0.44992807477888186, 
                0.23761480181723932, 
                0.13339917218409278, 
                0.11225368962650174, 
                0.3050902249319224, 
                0.3779655685789271, 
                0.4272074270925298, 
                0.44376526137098704, 
                0.5040366247859198, 
                0.511151712800234
            ], 
            [
                0.7033231923731179, 
                0.697433240333117, 
                0.6623361065891967, 
                0.5823844097347424, 
                0.5462731416156635, 
                0.38460540413791017, 
                0.2179768021290258, 
                0.0, 
                0.254721057065685, 
                0.6247896592812715, 
                0.4171712237154094, 
                0.3701759317163374, 
                0.47882567753473154, 
                0.5315312235926358, 
                0.23487169045316475, 
                0.17382025729233577, 
                0.1773729482433437, 
                0.32703030996886834, 
                0.4670538539700244, 
                0.5305197584381846, 
                0.6002956336046282, 
                0.6185700081890864, 
                0.6856175682099998, 
                0.6914522370546845
            ], 
            [
                0.9579033001789321, 
                0.9519535092644378, 
                0.9170388711110447, 
                0.8370796018260456, 
                0.8009878768093759, 
                0.6267963110288974, 
                0.45912274932976294, 
                0.254721057065685, 
                0.0, 
                0.3701235097444345, 
                0.2622620866016057, 
                0.2692959460151436, 
                0.2248970448315868, 
                0.4183546008032798, 
                0.06518708868402402, 
                0.2787854055373968, 
                0.43047411061021995, 
                0.5713237833700833, 
                0.7212802295048283, 
                0.7832093039888423, 
                0.8547812269045534, 
                0.8731161374958525, 
                0.9403303836149635, 
                0.9461383022639389
            ], 
            [
                1.3280264987344323, 
                1.3220704775428116, 
                1.2869802924702225, 
                1.2071738850580604, 
                1.171054714323288, 
                0.988372967257913, 
                0.8229092509671811, 
                0.6247896592812716, 
                0.3701235097444345, 
                0.0, 
                0.3770221195113899, 
                0.452411357259766, 
                0.14743902395874553, 
                0.49185092686791354, 
                0.40337303156535825, 
                0.6120127220912251, 
                0.800393750657387, 
                0.9348714543133176, 
                1.0913381143082836, 
                1.1525894932858072, 
                1.2248941524650352, 
                1.2432373385500992, 
                1.3104001943280335, 
                1.316239988991727
            ], 
            [
                1.073198872958277, 
                1.0686189155256345, 
                1.0248874632054217, 
                0.9524220472053184, 
                0.9163131521567491, 
                0.6944307569561697, 
                0.5477527224889761, 
                0.4171712237154094, 
                0.2622620866016057, 
                0.3770221195113899, 
                0.0, 
                0.08226438700354985, 
                0.2665121221543364, 
                0.15995951304073802, 
                0.32702732972419063, 
                0.31023026004987664, 
                0.5810922264200856, 
                0.650118016908377, 
                0.849273806213816, 
                0.9199253100238943, 
                0.9747844130779048, 
                0.9914791803222676, 
                1.0513087600096505, 
                1.0585788341918718
            ], 
            [
                1.0016993457937842, 
                0.9973785868373336, 
                0.9524220472053184, 
                0.8816779789174926, 
                0.8458364577028068, 
                0.6187486869183187, 
                0.47774609302982435, 
                0.3701759317163374, 
                0.2692959460151436, 
                0.452411357259766, 
                0.08226438700354985, 
                0.0, 
                0.33091117911283047, 
                0.16399230066113202, 
                0.329518221526083, 
                0.2410821936563077, 
                0.5233876674690041, 
                0.5765543400170793, 
                0.7817811991570525, 
                0.8535470993510843, 
                0.9047127147595163, 
                0.9209998299716363, 
                0.9792056604999653, 
                0.9866780131390509
            ], 
            [
                1.1821160045814836, 
                1.17625066971309, 
                1.1405170567063765, 
                1.0610308820047298, 
                1.0248348629309216, 
                0.8410458916052512, 
                0.6754710561480142, 
                0.47882567753473165, 
                0.2248970448315868, 
                0.14743902395874553, 
                0.2665121221543364, 
                0.33091117911283047, 
                0.0, 
                0.4086845833393391, 
                0.26483247952807215, 
                0.46696994192624935, 
                0.655234824619757, 
                0.7874455757280513, 
                0.9458144479972906, 
                1.0080951648478993, 
                1.0791203403783787, 
                1.0973822412933123, 
                1.164162899154605, 
                1.170108302640488
            ], 
            [
                1.1292477666399439, 
                1.1255887927004864, 
                1.0778508951074885, 
                1.0118977203039385, 
                0.9769587810202938, 
                0.7384936643394464, 
                0.614756157235422, 
                0.5315312235926358, 
                0.4183546008032798, 
                0.49185092686791354, 
                0.15995951304073802, 
                0.16399230066113202, 
                0.4086845833393391, 
                0.0, 
                0.48201844934318194, 
                0.3872053643631867, 
                0.6764939166305678, 
                0.7034363030262405, 
                0.9194792743602501, 
                0.9926586188584184, 
                1.036268075582384, 
                1.0515237938455433, 
                1.1053855319649197, 
                1.1133232584532424
            ], 
            [
                0.930641796204013, 
                0.924375096610873, 
                0.8922061285415948, 
                0.8110963352230098, 
                0.7754732717984467, 
                0.6178234603188416, 
                0.4499280747788818, 
                0.23487169045316475, 
                0.06518708868402402, 
                0.40337303156535825, 
                0.32702732972419063, 
                0.329518221526083, 
                0.26483247952807215, 
                0.48201844934318194, 
                0.0, 
                0.30005585042264, 
                0.40291300766848187, 
                0.5607877692715307, 
                0.6933377295440204, 
                0.7518934372110324, 
                0.8272951023312558, 
                0.845876340609522, 
                0.9144098727833834, 
                0.9197639137884192
            ], 
            [
                0.7629694794055085, 
                0.7584027499758653, 
                0.7147681155892169, 
                0.6422589215819674, 
                0.6061991553449263, 
                0.3880273990788797, 
                0.23761480181723946, 
                0.17382025729233577, 
                0.2787854055373968, 
                0.6120127220912251, 
                0.31023026004987647, 
                0.2410821936563077, 
                0.46696994192624947, 
                0.38720536436318653, 
                0.30005585042264, 
                0.0, 
                0.29013501232355804, 
                0.34099501882635963, 
                0.5407765938470257, 
                0.6124649832347648, 
                0.664799410873851, 
                0.6813792771621793, 
                0.741115292035391, 
                0.7483622259371461
            ], 
            [
                0.5281763529748971, 
                0.5220541184968577, 
                0.4893116801787649, 
                0.40821601958126075, 
                0.37256041030493897, 
                0.2556419890134053, 
                0.13339917218409278, 
                0.1773729482433437, 
                0.43047411061022006, 
                0.800393750657387, 
                0.5810922264200857, 
                0.5233876674690041, 
                0.655234824619757, 
                0.6764939166305678, 
                0.40291300766848176, 
                0.29013501232355804, 
                0.0, 
                0.2000373476457352, 
                0.29106674000719607, 
                0.35321353543011436, 
                0.42487525439687174, 
                0.4433567774291914, 
                0.5115493921575927, 
                0.5169939565956521
            ], 
            [
                0.42635452654879086, 
                0.42245297642347557, 
                0.37610643102265956, 
                0.3085051855466103, 
                0.2738660223469634, 
                0.058146939529346534, 
                0.11225368962650162, 
                0.3270303099688684, 
                0.5713237833700833, 
                0.9348714543133176, 
                0.650118016908377, 
                0.5765543400170793, 
                0.7874455757280513, 
                0.7034363030262405, 
                0.5607877692715307, 
                0.34099501882635963, 
                0.2000373476457352, 
                0.0, 
                0.22654686677077548, 
                0.30010308269027386, 
                0.33316965982132607, 
                0.34814009753906994, 
                0.4031659627539404, 
                0.41084308980328765
            ], 
            [
                0.23730558178307307, 
                0.23106150652912513, 
                0.20181177009730772, 
                0.11955341170985857, 
                0.08653422758343501, 
                0.21872209766867837, 
                0.3050902249319224, 
                0.4670538539700244, 
                0.7212802295048283, 
                1.0913381143082836, 
                0.8492738062138161, 
                0.7817811991570525, 
                0.9458144479972906, 
                0.9194792743602501, 
                0.6933377295440204, 
                0.5407765938470257, 
                0.29106674000719607, 
                0.2265468667707755, 
                0.0, 
                0.07393824558305799, 
                0.13396001091125645, 
                0.1525787558673099, 
                0.221929846583337, 
                0.2268130246189322
            ], 
            [
                0.18649327793651754, 
                0.17921162988007472, 
                0.16506680917595123, 
                0.09191218547958163, 
                0.07965755090468249, 
                0.28876038901977885, 
                0.3779655685789271, 
                0.5305197584381846, 
                0.7832093039888423, 
                1.1525894932858072, 
                0.9199253100238943, 
                0.8535470993510843, 
                1.0080951648478993, 
                0.9926586188584184, 
                0.7518934372110324, 
                0.6124649832347648, 
                0.35321353543011436, 
                0.30010308269027386, 
                0.07393824558305799, 
                0.0, 
                0.0905778577460997, 
                0.10814725292405379, 
                0.17780446612007594, 
                0.1802974649273025
            ], 
            [
