{
    "2018-03-28": {
        "ratio_temperature": {
            "04:20:00": 0.45454545454545436, 
            "22:20:00": 0.09090909090909083, 
            "00:20:00": 0.49090909090909074, 
            "21:20:00": 0.16363636363636358, 
            "05:20:00": 0.4363636363636363, 
            "09:20:00": 0.3999999999999999, 
            "12:20:00": 0.6727272727272726, 
            "19:20:00": 0.2727272727272726, 
            "07:20:00": 0.45454545454545436, 
            "11:20:00": 0.5454545454545454, 
            "20:20:00": 0.18181818181818166, 
            "10:20:00": 0.4363636363636363, 
            "23:20:00": 0.0, 
            "17:20:00": 0.36363636363636354, 
            "13:20:00": 0.7636363636363637, 
            "06:20:00": 0.4363636363636363, 
            "16:20:00": 1.0, 
            "08:20:00": 0.4363636363636363, 
            "01:20:00": 0.49090909090909074, 
            "14:20:00": 0.8181818181818181, 
            "18:20:00": 0.34545454545454546, 
            "02:20:00": 0.49090909090909074, 
            "15:20:00": 0.9818181818181817, 
            "03:20:00": 0.509090909090909
        }, 
        "temperature": {
            "04:20:00": 5.6, 
            "22:20:00": 3.6, 
            "00:20:00": 5.8, 
            "21:20:00": 4.0, 
            "05:20:00": 5.5, 
            "09:20:00": 5.3, 
            "12:20:00": 6.8, 
            "19:20:00": 4.6, 
            "07:20:00": 5.6, 
            "11:20:00": 6.1, 
            "20:20:00": 4.1, 
            "10:20:00": 5.5, 
            "23:20:00": 3.1, 
            "17:20:00": 5.1, 
            "13:20:00": 7.3, 
            "06:20:00": 5.5, 
            "16:20:00": 8.6, 
            "08:20:00": 5.5, 
            "01:20:00": 5.8, 
            "14:20:00": 7.6, 
            "18:20:00": 5.0, 
            "02:20:00": 5.8, 
            "15:20:00": 8.5, 
            "03:20:00": 5.9
        }, 
        "med_tmp": 5.55, 
        "med_pre": 0.2, 
        "windSpeed": {
            "04:20:00": 4.3, 
            "22:20:00": 8.6, 
            "00:20:00": 10.1, 
            "21:20:00": 8.3, 
            "05:20:00": 2.5, 
            "09:20:00": 6.1, 
            "12:20:00": 14.8, 
            "19:20:00": 6.1, 
            "07:20:00": 4.7, 
            "11:20:00": 10.8, 
            "20:20:00": 7.2, 
            "10:20:00": 10.1, 
            "23:20:00": 7.9, 
            "17:20:00": 14.8, 
            "13:20:00": 16.2, 
            "06:20:00": 4.3, 
            "16:20:00": 14.0, 
            "08:20:00": 6.1, 
            "01:20:00": 8.3, 
            "14:20:00": 15.5, 
            "18:20:00": 9.7, 
            "02:20:00": 9.0, 
            "15:20:00": 14.8, 
            "03:20:00": 6.8
        }, 
        "precip1Hour": {
            "04:20:00": 0.1, 
            "22:20:00": 0.0, 
            "00:20:00": 0.0, 
            "21:20:00": 0.0, 
            "05:20:00": 1.6, 
            "09:20:00": 2.4, 
            "12:20:00": 1.0, 
            "19:20:00": 0.2, 
            "07:20:00": 2.7, 
            "11:20:00": 1.7, 
            "20:20:00": 0.0, 
            "10:20:00": 2.3, 
            "23:20:00": 0.0, 
            "17:20:00": 0.9, 
            "13:20:00": 0.1, 
            "06:20:00": 2.0, 
            "16:20:00": 0.1, 
            "08:20:00": 2.6, 
            "01:20:00": 0.0, 
            "14:20:00": 0.0, 
            "18:20:00": 0.2, 
            "02:20:00": 0.6, 
            "15:20:00": 0.0, 
            "03:20:00": 1.0
        }, 
        "mds": [
            [
                0.0, 
                0.13138686131386854, 
                0.23628270487871011, 
                0.4421832142217004, 
                0.4265275700671406, 
                0.8135617223247668, 
                0.8549290985046779, 
                1.0754928544545401, 
                1.0077300354795216, 
                0.9400185473476679, 
                0.853596382440202, 
                0.6340499703930603, 
                0.536587488203939, 
                0.523454243398321, 
                0.5123182643140071, 
                0.5989038366434528, 
                0.5844511762712004, 
                0.49497831086584654, 
                0.16582057393729996, 
                0.3719371237086107, 
                0.3746266381999178, 
                0.35266123311534914, 
                0.41471418146677774, 
                0.5165064741499932
            ], 
            [
                0.13138686131386854, 
                0.0, 
                0.2280206216238095, 
                0.3866427835487707, 
                0.2965484883111846, 
                0.7303238317845657, 
                0.7980720527385297, 
                1.0345880065771234, 
                0.977783246405688, 
                0.9078409122206976, 
                0.86364882414145, 
                0.6578056452084986, 
                0.6287585301143531, 
                0.6389587551633482, 
                0.6191183693213156, 
                0.6827129427810763, 
                0.6585209815814337, 
                0.5936452517473344, 
                0.19257919043506014, 
                0.28085134241573956, 
                0.3193493238728736, 
                0.3272727272727272, 
                0.40059894419779274, 
                0.49177658040492905
            ], 
            [
                0.23628270487871011, 
                0.2280206216238095, 
                0.0, 
                0.2192388072714089, 
                0.3915481284219293, 
                0.6043630072758116, 
                0.6241239705917943, 
                0.8395082441335089, 
                0.7723211634877286, 
                0.7053487330538627, 
                0.637067875264898, 
                0.43153042714031775, 
                0.4839808228687425, 
                0.6203820075694355, 
                0.6177340696201877, 
                0.6852781650190548, 
                0.6531963453107318, 
                0.45582424023420876, 
                0.2138120352773432, 
                0.3381702345730284, 
                0.4027187771360271, 
                0.3988744688523413, 
                0.45851410615918714, 
                0.5448130433111799
            ], 
            [
                0.4421832142217004, 
                0.3866427835487707, 
                0.2192388072714089, 
                0.0, 
                0.3839087228388223, 
                0.3913891651046719, 
                0.4192410490346654, 
                0.6503113620766958, 
                0.5992210984522184, 
                0.5323278767162639, 
                0.5432631759899629, 
                0.39215383119233416, 
                0.6064360300431104, 
                0.8041646470574871, 
                0.7974852682199698, 
                0.8376354127296474, 
                0.7926556401507889, 
                0.6029233499676285, 
                0.3992195920409746, 
                0.38245254820731656, 
                0.4951102087034664, 
                0.5181707310656899, 
                0.5738577799699559, 
                0.6346609847333539
            ], 
            [
                0.4265275700671406, 
                0.2965484883111846, 
                0.3915481284219293, 
                0.3839087228388223, 
                0.0, 
                0.5711699056733893, 
                0.7039385492489431, 
                0.96340548967503, 
                0.9353779482861938, 
                0.86364882414145, 
                0.9184146518971741, 
                0.7645493249680723, 
                0.8637819053844282, 
                0.9219685324244082, 
                0.8955105991391615, 
                0.9310172040362201, 
                0.8937706669359808, 
                0.8267168325261909, 
                0.41065208448509255, 
                0.22735896876539105, 
                0.34721727400586877, 
                0.4138197567101112, 
                0.4817848621374095, 
                0.5263395687805122
            ], 
            [
                0.8135617223247668, 
                0.7303238317845657, 
                0.6043630072758116, 
                0.3913891651046719, 
                0.5711699056733893, 
                0.0, 
                0.19801611329797245, 
                0.4382905160102025, 
                0.45411919201012013, 
                0.39769817519336, 
                0.6123372045993286, 
                0.6166960082639907, 
                0.9546275053369938, 
                1.189852685556145, 
                1.1821049071791305, 
                1.2061301054422542, 
                1.1536668690795684, 
                0.9373194807596368, 
                0.7438588804814477, 
                0.6038943143087294, 
                0.7305158719934974, 
                0.7776746478767175, 
                0.8177758013666011, 
                0.8348303838920179
            ], 
            [
                0.8549290985046779, 
                0.7980720527385297, 
                0.6241239705917943, 
                0.4192410490346654, 
                0.7039385492489431, 
                0.19801611329797245, 
                0.0, 
                0.26153089974538773, 
                0.25815736165233083, 
                0.2013273334031474, 
                0.43769554587367654, 
                0.49935131136528904, 
                0.8834289688575108, 
                1.1648154898184568, 
                1.1673979848618476, 
                1.197339663305064, 
                1.1463813488266879, 
                0.8710194113692818, 
                0.7797893774523666, 
                0.6989161689891616, 
                0.811355755134097, 
                0.8416198429457188, 
                0.8755279517422331, 
                0.8989772507896271
            ], 
            [
                1.0754928544545401, 
                1.0345880065771234, 
                0.8395082441335089, 
                0.6503113620766958, 
                0.96340548967503, 
                0.4382905160102025, 
                0.26153089974538773, 
                0.0, 
                0.11020468216088894, 
                0.1605105509591788, 
                0.42147481329886144, 
                0.5862517476205702, 
                0.9937501498570118, 
                1.3143265108834419, 
                1.3242664643837465, 
                1.3496366596139067, 
                1.2983186711970012, 
                0.9981039481449446, 
                1.0012182607924613, 
                0.9491256096464556, 
                1.0524636597233703, 
                1.0740940966587578, 
                1.1014850369260474, 
                1.1230180844905322
            ], 
            [
                1.0077300354795216, 
                0.977783246405688, 
                0.7723211634877286, 
                0.5992210984522184, 
                0.9353779482861938, 
                0.45411919201012013, 
                0.25815736165233083, 
                0.11020468216088894, 
                0.0, 
                0.08251837673826398, 
                0.31239818944725767, 
                0.4906179853678925, 
                0.9001694846458632, 
                1.2279856849192, 
                1.24252125617294, 
                1.2759661754499532, 
                1.2278196749169492, 
                0.8972146222631678, 
                0.9313634891403462, 
                0.9038253793151947, 
                0.9992686610934907, 
                1.0136394998367677, 
                1.0391997405516755, 
                1.0653513028596784
            ], 
            [
                0.9400185473476679, 
                0.9078409122206976, 
                0.7053487330538627, 
                0.5323278767162639, 
                0.86364882414145, 
                0.39769817519336, 
                0.2013273334031474, 
                0.1605105509591788, 
                0.08251837673826398, 
                0.0, 
                0.2965484883111843, 
                0.453945435392962, 
                0.8640098211437429, 
                1.1838013205391653, 
                1.1982386114143564, 
                1.237702389583734, 
                1.1908685741514828, 
                0.8445327945409674, 
                0.8578743604729716, 
                0.8246948099443447, 
                0.9187891831920227, 
                0.9336907559180568, 
                0.9586241373039917, 
                0.9835578092395144
            ], 
            [
                0.853596382440202, 
                0.86364882414145, 
                0.637067875264898, 
                0.5432631759899629, 
                0.9184146518971741, 
                0.6123372045993286, 
                0.43769554587367654, 
                0.42147481329886144, 
                0.31239818944725767, 
                0.2965484883111843, 
                0.0, 
                0.2527730807107233, 
                0.6366995018167527, 
                0.9845217407392279, 
                1.0133110417850775, 
                1.0681134343643055, 
                1.0308477164296492, 
                0.6259750636040097, 
                0.7836167455538654, 
                0.8467361341448997, 
                0.9139217110341065, 
                0.9040432788968652, 
                0.9257312097948817, 
                0.9704905991021204
            ], 
            [
                0.6340499703930603, 
                0.6578056452084986, 
                0.43153042714031775, 
                0.39215383119233416, 
                0.7645493249680723, 
                0.6166960082639907, 
                0.49935131136528904, 
                0.5862517476205702, 
                0.4906179853678925, 
                0.453945435392962, 
                0.2527730807107233, 
                0.0, 
                0.4106831630060778, 
                0.7444003308126093, 
                0.7671425589848724, 
                0.8198131759160858, 
                0.7825187530586054, 
                0.45397829925685984, 
                0.5958932588006504, 
                0.7076130373353474, 
                0.7731202395293124, 
                0.7586291480186752, 
                0.7929894343918751, 
                0.8595126873007151
            ], 
            [
                0.536587488203939, 
                0.628758530114353, 
                0.4839808228687424, 
                0.6064360300431104, 
                0.8637819053844282, 
                0.9546275053369938, 
                0.8834289688575108, 
                0.9937501498570118, 
                0.9001694846458632, 
                0.8640098211437429, 
                0.6366995018167527, 
                0.4106831630060778, 
                0.0, 
                0.3603031019382599, 
                0.40117567707676355, 
                0.48240170121065074, 
                0.4707742846821005, 
                0.3113019951672773, 
                0.5774759786476802, 
                0.806884655261116, 
                0.8281952882082437, 
                0.7883228981013432, 
                0.8249196353191526, 
                0.9183676549137364
            ], 
            [
                0.523454243398321, 
                0.6389587551633481, 
                0.6203820075694356, 
                0.8041646470574871, 
                0.9219685324244082, 
                1.189852685556145, 
                1.1648154898184568, 
                1.3143265108834419, 
                1.2279856849192, 
                1.1838013205391653, 
                0.9845217407392279, 
                0.7444003308126093, 
                0.3603031019382599, 
                0.0, 
                0.08341244847370645, 
                0.24375766499314463, 
                0.2857533392573202, 
                0.5081675378693584, 
                0.6335242709430641, 
                0.8864908694949077, 
                0.8783204551611224, 
                0.8329994750962567, 
                0.8727400610768464, 
                0.9754761073600047
            ], 
            [
                0.5123182643140071, 
                0.6191183693213157, 
                0.6177340696201876, 
                0.7974852682199698, 
                0.8955105991391615, 
                1.1821049071791305, 
                1.1673979848618476, 
                1.3242664643837465, 
                1.24252125617294, 
                1.1982386114143564, 
                1.0133110417850775, 
                0.7671425589848724, 
                0.40117567707676355, 
                0.08341244847370645, 
                0.0, 
                0.17142796545621755, 
                0.21544708320562628, 
                0.5659800077700367, 
                0.6388972958898846, 
                0.8796498790104995, 
                0.8786353485581642, 
                0.8394223426146529, 
                0.8846403646155351, 
                0.9885155417231264
            ], 
            [
                0.5989038366434528, 
                0.6827129427810762, 
                0.6852781650190547, 
                0.8376354127296474, 
                0.9310172040362201, 
                1.2061301054422542, 
                1.197339663305064, 
                1.3496366596139067, 
                1.2759661754499532, 
                1.237702389583734, 
                1.0681134343643055, 
                0.8198131759160858, 
                0.48240170121065074, 
                0.24375766499314463, 
                0.17142796545621755, 
                0.0, 
                0.07149964066471069, 
                0.7023246197035167, 
                0.7409623599316947, 
                0.9547608273815231, 
                0.9735201531683154, 
                0.9457942240820213, 
                0.9992621303026781, 
                1.1034626849246676
            ], 
            [
                0.5844511762712004, 
                0.6585209815814338, 
                0.6531963453107319, 
                0.7926556401507889, 
                0.8937706669359808, 
                1.1536668690795684, 
                1.1463813488266879, 
                1.2983186711970012, 
                1.2278196749169492, 
                1.1908685741514828, 
                1.0308477164296492, 
                0.7825187530586054, 
                0.4707742846821005, 
                0.2857533392573202, 
                0.21544708320562628, 
                0.07149964066471069, 
                0.0, 
                0.7043862937871209, 
                0.7268528052447764, 
                0.9288776805076923, 
                0.9576830971230473, 
                0.934869221707171, 
                0.9915546324017686, 
                1.0952735638380269
            ], 
            [
                0.49497831086584654, 
                0.5936452517473344, 
                0.45582424023420876, 
                0.6029233499676285, 
                0.8267168325261909, 
                0.9373194807596368, 
                0.8710194113692818, 
                0.9981039481449446, 
                0.8972146222631678, 
                0.8445327945409674, 
                0.6259750636040097, 
                0.45397829925685984, 
                0.3113019951672773, 
                0.5081675378693584, 
                0.5659800077700367, 
                0.7023246197035167, 
                0.7043862937871209, 
                0.0, 
                0.4540104786496903, 
                0.6919184764251671, 
                0.6722428511896879, 
                0.6133647673405427, 
                0.6247376034728107, 
                0.7049861494683316
            ], 
            [
                0.16582057393729996, 
                0.19257919043506014, 
                0.2138120352773432, 
                0.3992195920409746, 
                0.41065208448509255, 
                0.7438588804814477, 
                0.7797893774523666, 
                1.0012182607924613, 
                0.9313634891403462, 
                0.8578743604729716, 
                0.7836167455538654, 
                0.5958932588006504, 
                0.5774759786476802, 
                0.6335242709430641, 
                0.6388972958898846, 
                0.7409623599316947, 
                0.7268528052447764, 
                0.4540104786496903, 
                0.0, 
                0.27265231615004876, 
                0.25605354460174534, 
                0.22133136026081857, 
                0.2769966740867125, 
                0.3769460422275949
            ], 
            [
                0.3719371237086107, 
                0.28085134241573956, 
                0.3381702345730284, 
                0.38245254820731656, 
                0.22735896876539105, 
                0.6038943143087294, 
                0.6989161689891616, 
                0.9491256096464556, 
                0.9038253793151947, 
                0.8246948099443447, 
                0.8467361341448997, 
                0.7076130373353474, 
                0.806884655261116, 
                0.8864908694949077, 
                0.8796498790104995, 
                0.9547608273815231, 
                0.9288776805076923, 
                0.6919184764251671, 
                0.27265231615004876, 
                0.0, 
                0.1421204835175622, 
                0.2077859408089972, 
                0.26803807460630497, 
                0.3116562867408538
            ], 
            [
                0.37462663819991776, 
                0.3193493238728736, 
                0.4027187771360271, 
                0.4951102087034664, 
                0.34721727400586877, 
                0.7305158719934975, 
                0.811355755134097, 
                1.0524636597233703, 
                0.9992686610934907, 
                0.9187891831920227, 
                0.9139217110341065, 
                0.7731202395293124, 
                0.8281952882082437, 
                0.8783204551611224, 
                0.8786353485581642, 
                0.9735201531683154, 
                0.9576830971230473, 
                0.6722428511896879, 
                0.2560535446017454, 
                0.1421204835175622, 
                0.0, 
                0.08232483882652698, 
                0.1367743183321369, 
                0.18886116349317342
            ], 
            [
                0.35266123311534914, 
                0.3272727272727272, 
                0.3988744688523413, 
                0.5181707310656899, 
                0.4138197567101112, 
                0.7776746478767175, 
                0.8416198429457188, 
                1.0740940966587578, 
                1.0136394998367677, 
                0.9336907559180568, 
                0.9040432788968652, 
                0.7586291480186752, 
                0.7883228981013432, 
                0.8329994750962567, 
                0.8394223426146529, 
                0.9457942240820213, 
                0.934869221707171, 
                0.6133647673405427, 
                0.22133136026081857, 
                0.2077859408089972, 
                0.08232483882652698, 
                0.0, 
                0.0759524212302246, 
                0.16622072374318433
            ], 
            [
                0.41471418146677774, 
                0.40059894419779274, 
                0.45851410615918714, 
                0.5738577799699559, 
                0.4817848621374095, 
                0.8177758013666011, 
                0.8755279517422331, 
                1.1014850369260474, 
                1.0391997405516753, 
                0.9586241373039917, 
                0.9257312097948817, 
                0.7929894343918751, 
                0.8249196353191526, 
                0.8727400610768464, 
                0.8846403646155351, 
                0.9992621303026781, 
                0.9915546324017686, 
                0.6247376034728107, 
                0.2769966740867125, 
                0.26803807460630497, 
                0.1367743183321369, 
                0.0759524212302246, 
                0.0, 
                0.10428399036402074
            ], 
            [
                0.5165064741499932, 
                0.49177658040492905, 
                0.5448130433111799, 
                0.6346609847333539, 
                0.5263395687805122, 
                0.8348303838920179, 
                0.8989772507896271, 
                1.1230180844905322, 
                1.0653513028596784, 
                0.9835578092395144, 
                0.9704905991021205, 
                0.8595126873007151, 
                0.9183676549137364, 
                0.9754761073600047, 
                0.9885155417231264, 
                1.1034626849246676, 
                1.0952735638380269, 
                0.7049861494683316, 
                0.3769460422275949, 
                0.3116562867408538, 
                0.18886116349317342, 
                0.16622072374318433, 
                0.10428399036402074, 
                0.0
            ]
        ], 
        "med_win": 8.45
    }, 
    "2018-03-29": {
        "ratio_temperature": {
            "04:20:00": 0.1780821917808219, 
            "22:20:00": 0.4520547945205479, 
            "00:20:00": 0.3150684931506849, 
            "21:20:00": 0.49315068493150677, 
            "05:20:00": 0.0, 
            "09:20:00": 0.8493150684931507, 
            "12:20:00": 1.0, 
            "19:20:00": 0.6575342465753424, 
            "07:20:00": 0.4246575342465753, 
            "11:20:00": 0.9178082191780821, 
            "20:20:00": 0.5616438356164384, 
            "10:20:00": 0.8904109589041096, 
            "23:20:00": 0.4383561643835616, 
            "17:20:00": 0.8493150684931507, 
            "13:20:00": 0.9178082191780821, 
            "06:20:00": 0.1780821917808219, 
            "16:20:00": 0.9315068493150684, 
            "08:20:00": 0.6575342465753424, 
            "01:20:00": 0.2465753424657534, 
            "14:20:00": 0.8904109589041096, 
            "18:20:00": 0.7123287671232876, 
            "02:20:00": 0.2465753424657534, 
            "15:20:00": 0.9315068493150684, 
            "03:20:00": 0.1780821917808219
        }, 
        "temperature": {
            "04:20:00": 1.6, 
            "22:20:00": 3.6, 
            "00:20:00": 2.6, 
            "21:20:00": 3.9, 
            "05:20:00": 0.3, 
            "09:20:00": 6.5, 
            "12:20:00": 7.6, 
            "19:20:00": 5.1, 
            "07:20:00": 3.4, 
            "11:20:00": 7.0, 
            "20:20:00": 4.4, 
            "10:20:00": 6.8, 
            "23:20:00": 3.5, 
            "17:20:00": 6.5, 
            "13:20:00": 7.0, 
            "06:20:00": 1.6, 
            "16:20:00": 7.1, 
            "08:20:00": 5.1, 
            "01:20:00": 2.1, 
            "14:20:00": 6.8, 
            "18:20:00": 5.5, 
            "02:20:00": 2.1, 
            "15:20:00": 7.1, 
            "03:20:00": 1.6
        }, 
        "med_tmp": 4.75, 
        "med_pre": 0.0, 
        "windSpeed": {
            "04:20:00": 5.0, 
            "22:20:00": 10.1, 
            "00:20:00": 7.2, 
            "21:20:00": 12.2, 
            "05:20:00": 6.8, 
            "09:20:00": 16.6, 
            "12:20:00": 20.5, 
            "19:20:00": 14.8, 
            "07:20:00": 9.4, 
            "11:20:00": 20.2, 
            "20:20:00": 12.2, 
            "10:20:00": 19.1, 
            "23:20:00": 10.1, 
            "17:20:00": 13.0, 
            "13:20:00": 20.5, 
            "06:20:00": 8.3, 
            "16:20:00": 14.4, 
            "08:20:00": 12.2, 
            "01:20:00": 6.8, 
            "14:20:00": 19.8, 
            "18:20:00": 14.0, 
            "02:20:00": 6.5, 
            "15:20:00": 15.1, 
            "03:20:00": 6.8
        }, 
        "precip1Hour": {
            "04:20:00": 0.0, 
            "22:20:00": 0.1, 
            "00:20:00": 0.0, 
            "21:20:00": 0.0, 
            "05:20:00": 0.0, 
            "09:20:00": 0.2, 
            "12:20:00": 0.1, 
            "19:20:00": 0.0, 
            "07:20:00": 0.0, 
            "11:20:00": 0.4, 
            "20:20:00": 0.0, 
            "10:20:00": 1.5, 
            "23:20:00": 0.0, 
            "17:20:00": 0.4, 
            "13:20:00": 0.7, 
            "06:20:00": 0.0, 
            "16:20:00": 0.4, 
            "08:20:00": 0.0, 
            "01:20:00": 0.0, 
            "14:20:00": 2.2, 
            "18:20:00": 0.6, 
            "02:20:00": 0.0, 
            "15:20:00": 1.6, 
            "03:20:00": 0.0
        }, 
        "mds": [
            [
                0.0, 
                0.07319347399596408, 
                0.08204178102862691, 
                0.1393959099394385, 
                0.19725853174116623, 
                0.31612359659015066, 
                0.1542778894022613, 
                0.17931937851220234, 
                0.4704689839951116, 
                0.8133064765929228, 
                1.1769973090273411, 
                1.0487072763970553, 
                1.0988503076475442, 
                1.0958145648752893, 
                1.4113222904162483, 
                1.0810610244503158, 
                0.7929875990968775, 
                0.6771248527113363, 
                0.6516610097492698, 
                0.5980794473640179, 
                0.4060266889562531, 
                0.36847189806298075, 
                0.2362976203416063, 
                0.22406484059677356
            ], 
            [
                0.07319347399596408, 
                0.0, 
                0.019354838709677857, 
                0.0684931506849315, 
                0.13482308342395719, 
                0.2465753424657534, 
                0.11856034846309045, 
                0.24464387167745802, 
                0.5387585637980205, 
                0.8782425065363104, 
                1.2284621999541954, 
                1.1095041970971078, 
                1.1623006142561148, 
                1.1545653432431018, 
                1.4553206601953523, 
                1.1334900815517448, 
                0.8617454690365789, 
                0.745890761821898, 
                0.71209665916966, 
                0.6597548020337561, 
                0.469725158550183, 
                0.4268172544671253, 
                0.29935882228190774, 
                0.2865443547066719
            ], 
            [
                0.08204178102862691, 
                0.019354838709677857, 
                0.0, 
                0.07117528694867596, 
                0.1185603484630904, 
                0.24733380135675193, 
                0.13482308342395732, 
                0.2582991868804335, 
                0.5514719865780835, 
                0.8922774320758448, 
                1.2410527742924329, 
                1.1246507518497657, 
                1.1770861003865616, 
                1.1694486314674801, 
                1.4665602663492245, 
                1.1427610348039032, 
                0.8729032547280088, 
                0.756446633491399, 
                0.7248706997065026, 
                0.6750038495694316, 
                0.4842543613532735, 
                0.4427567397855475, 
                0.3134194146060455, 
                0.3012037386691082
            ], 
            [
                0.13939590993943848, 
                0.06849315068493145, 
                0.07117528694867602, 
                0.0, 
                0.1161290322580645, 
                0.1780821917808219, 
                0.0967741935483872, 
                0.29822266250568336, 
                0.5926616589973062, 
                0.9265896058855331, 
                1.2657042893950887, 
                1.1522328689138848, 
                1.2078256855967928, 
                1.1956848048911073, 
                1.4868914538285103, 
                1.1761451060485286, 
                0.9171274714622808, 
                0.8022539660351813, 
                0.7586664633984571, 
                0.7044596871264772, 
                0.5181632019167626, 
                0.4697251585501829, 
                0.3499355459413233, 
                0.3362593112067005
            ], 
            [
                0.19725853174116623, 
                0.13482308342395719, 
                0.1185603484630904, 
                0.1161290322580645, 
                0.0, 
                0.21260107987180127, 
                0.21290322580645168, 
                0.3760081459740554, 
                0.6675698517592007, 
                1.0094064019053635, 
                1.3415667381138046, 
                1.2417396583868634, 
                1.2952277788753208, 
                1.2839136517034235, 
                1.555355018627523, 
                1.2333587110267927, 
                0.9841189585681144, 
                0.866025752480158, 
                0.8348343379882465, 
                0.7934888360855302, 
                0.6024074773382164, 
                0.5612872611304808, 
                0.4305686119557409, 
                0.41952922146311344
            ], 
            [
                0.31612359659015066, 
                0.2465753424657534, 
                0.24733380135675193, 
                0.1780821917808219, 
                0.21260107987180127, 
                0.0, 
                0.20267834508501925, 
                0.4565866602434377, 
                0.7441269076025637, 
                1.062709183419963, 
                1.3738365082710093, 
                1.27389870703578, 
                1.335400315755371, 
                1.3133314449252311, 
                1.5799574673811363, 
                1.2974488838571612, 
                1.0682598441629667, 
                0.9562394767050745, 
                0.8930664431562483, 
                0.8359069705170842, 
                0.6609216044923151, 
                0.603797289864045, 
                0.501744393601251, 
                0.48732320939173523
            ], 
            [
                0.1542778894022613, 
                0.11856034846309045, 
                0.13482308342395732, 
                0.09677419354838725, 
                0.21290322580645168, 
                0.20267834508501925, 
                0.0, 
                0.256584917537109, 
                0.5414640578250849, 
                0.8634587504079296, 
                1.2073866747335915, 
                1.0815175108841844, 
                1.138918930879712, 
                1.1260353444614026, 
                1.4345314687026667, 
                1.1353592010798617, 
                0.869245016555596, 
                0.7586549385045936, 
                0.7035863128769864, 
                0.6369715484979744, 
                0.45872495865343904, 
                0.4032086413334443, 
                0.3010200240642699, 
                0.28500612791237717
            ], 
            [
                0.1793193785122023, 
                0.24464387167745805, 
                0.2582991868804335, 
                0.29822266250568336, 
                0.3760081459740554, 
                0.4565866602434377, 
                0.256584917537109, 
                0.0, 
                0.2947273951343207, 
                0.6359038593477888, 
                1.036067565614524, 
                0.8727827485022198, 
                0.9197422788175946, 
                0.9258931138704801, 
                1.2911715468125153, 
                0.9597166139718197, 
                0.627704032214024, 
                0.5170451442232381, 
                0.4951866572014632, 
                0.41905266058552426, 
                0.22671109602443734, 
                0.19319416654846336, 
                0.06968692643960897, 
                0.04719316275934822
            ], 
            [
                0.4704689839951116, 
                0.5387585637980205, 
                0.5514719865780835, 
                0.5926616589973062, 
                0.6675698517592007, 
                0.7441269076025637, 
                0.5414640578250849, 
                0.29472739513432067, 
                0.0, 
                0.35443909602656803, 
                0.8469215846845395, 
                0.605961690203042, 
                0.6372533907621012, 
                0.6750742079967924, 
                1.1378259077009918, 
                0.799369632773426, 
                0.3581403633679608, 
                0.26926126099856246, 
                0.30144411904120805, 
                0.16774193548387145, 
                0.09589041095890376, 
                0.16438356164383564, 
                0.2502874351852718, 
                0.2576720997812351
            ], 
            [
                0.8133064765929228, 
                0.8782425065363104, 
                0.8922774320758448, 
                0.9265896058855331, 
                1.0094064019053635, 
                1.062709183419963, 
                0.8634587504079296, 
                0.6359038593477888, 
                0.35443909602656803, 
                0.0, 
                0.6139030819973509, 
                0.2586495370833755, 
                0.29678463126553895, 
                0.34590931950794723, 
                0.9331438376106591, 
                0.6489063191690841, 
                0.18752502026738005, 
                0.24941586024688905, 
                0.2827727973524675, 
                0.2419303589849407, 
                0.41424862988484124, 
                0.46443541774342134, 
                0.5794310327627322, 
                0.5941465849654373
            ], 
            [
                1.1769973090273411, 
                1.2284621999541951, 
                1.2410527742924329, 
                1.2657042893950885, 
                1.3415667381138046, 
                1.3738365082710093, 
                1.2073866747335915, 
                1.036067565614524, 
                0.8469215846845395, 
                0.6139030819973509, 
                0.0, 
                0.5057539226401916, 
                0.6520173342700856, 
                0.375686283225245, 
                0.32137083185175314, 
                0.2652400467426827, 
                0.5862036863641342, 
                0.637627795187084, 
                0.5543743011515976, 
                0.7720551111430015, 
                0.8781414628716531, 
                0.9060134285629015, 
                0.9665731259811041, 
                1.0031841175161869
            ], 
            [
                1.0487072763970553, 
                1.1095041970971078, 
                1.1246507518497657, 
                1.1522328689138848, 
                1.2417396583868636, 
                1.27389870703578, 
                1.0815175108841844, 
                0.8727827485022198, 
                0.605961690203042, 
                0.2586495370833755, 
                0.5057539226401916, 
                0.0, 
                0.16039058556682784, 
                0.13773035650789314, 
                0.8190470501861747, 
                0.6371581753942178, 
                0.37444420695499697, 
                0.46953865210636514, 
                0.4587878246277424, 
                0.4713533295234398, 
                0.6529166082258603, 
                0.6926622918650165, 
                0.8124781040452104, 
                0.8291751924272225
            ], 
            [
                1.0988503076475442, 
                1.1623006142561148, 
                1.1770861003865616, 
                1.2078256855967928, 
                1.2952277788753208, 
                1.335400315755371, 
                1.138918930879712, 
                0.9197422788175946, 
                0.6372533907621012, 
                0.29678463126553895, 
                0.6520173342700856, 
                0.16039058556682784, 
                0.0, 
                0.28484320972060106, 
