let keys = [
  "t1",
  "t2",
  "t3",
  "t4",
  "t5",
  "t6",
  "t7",
  "t8",
  "t9",
  "t10",
  "t11",
  "t12",
  "t13",
  "t14",
  "t15",
  "t16",
  "t17",
  "t18",
  "t19",
  "t20",
  "t21",
  "t22",
  "t23",
  "t24",
];

let m = [
  [
    0,
    0.01340569,
    0.03511015,
    0.05991389,
    0.13382854,
    0.1984228,
    0.48941546,
    0.57444165,
    0.9627492,
    1.04150134,
    1.10859498,
    1.2565368,
    1.40426778,
    1.09301473,
    0.95903745,
    0.79063905,
    0.55776472,
    0.39737362,
    0.24355988,
    0.15276337,
    0.06363801,
    0.02999982,
    0.00995428,
    0.01095298,
  ],
  [
    0.01340569,
    0,
    0.02176487,
    0.04736539,
    0.12117734,
    0.18590416,
    0.47627591,
    0.562034,
    0.95225552,
    1.03056489,
    1.09778909,
    1.24645804,
    1.39304271,
    1.08406347,
    0.9510545,
    0.78345811,
    0.55105859,
    0.39163039,
    0.23891918,
    0.14784719,
    0.05973459,
    0.02902761,
    0.01499152,
    0.01667857,
  ],
  [
    0.03511015,
    0.02176487,
    0,
    0.03058208,
    0.10231491,
    0.16712057,
    0.45568938,
    0.54318133,
    0.93717031,
    1.01461514,
    1.08208092,
    1.23210649,
    1.37649199,
    1.07181856,
    0.94059192,
    0.77449008,
    0.54310225,
    0.38561936,
    0.23542036,
    0.14481852,
    0.06215206,
    0.04078873,
    0.03523813,
    0.03679371,
  ],
  [
    0.05991389,
    0.04736539,
    0.03058208,
    0,
    0.07391493,
    0.13856354,
    0.43000044,
    0.51467341,
    0.90668911,
    0.98433132,
    1.05173205,
    1.20154457,
    1.34642262,
    1.04135931,
    0.91055595,
    0.74502361,
    0.51418181,
    0.3579764,
    0.21016651,
    0.12106906,
    0.05133294,
    0.04908676,
    0.05562569,
    0.05665029,
  ],
  [
    0.13382854,
    0.12117734,
    0.10231491,
    0.07391493,
    0,
    0.06482342,
    0.3569817,
    0.44096734,
    0.83814503,
    0.91418604,
    0.98197676,
    1.13425892,
    1.27523864,
    0.9787638,
    0.85255518,
    0.69154313,
    0.4652063,
    0.31804816,
    0.18776793,
    0.11736254,
    0.10369466,
    0.11894897,
    0.12913527,
    0.13002389,
  ],
  [
    0.1984228,
    0.18590416,
    0.16712057,
    0.13856354,
    0.06482342,
    0,
    0.29505232,
    0.37615819,
    0.7764349,
    0.85123995,
    0.91928604,
    1.07335094,
    1.21151508,
    0.92174846,
    0.79967422,
    0.64320654,
    0.4228115,
    0.28790413,
    0.18445119,
    0.14317051,
    0.16179791,
    0.18177053,
    0.19334105,
    0.19414451,
  ],
  [
    0.48941546,
    0.47627591,
    0.45568938,
    0.43000044,
    0.3569817,
    0.29505232,
    0,
    0.13050948,
    0.57134107,
    0.62592326,
    0.69532108,
    0.86648478,
    0.96667677,
    0.75824131,
    0.67825671,
    0.57120147,
    0.43135582,
    0.40065685,
    0.41102052,
    0.42044502,
    0.45680424,
    0.47586806,
    0.4856182,
    0.48660682,
  ],
  [
    0.57444165,
    0.562034,
    0.54318133,
    0.51467341,
    0.44096734,
    0.37615819,
    0.13050948,
    0,
    0.44150386,
    0.49940308,
    0.56887863,
    0.73780668,
    0.84748692,
    0.62816829,
    0.55375303,
    0.46140439,
    0.36326824,
    0.38386671,
    0.44256192,
    0.47681823,
    0.53152388,
    0.5559932,
    0.56898189,
    0.56969176,
  ],
  [
    0.9627492,
    0.95225552,
    0.93717031,
    0.90668911,
    0.83814503,
    0.7764349,
    0.57134107,
    0.44150386,
    0,
    0.09574773,
    0.15092983,
    0.29871077,
    0.45415932,
    0.21566133,
    0.24911922,
    0.33504688,
    0.48616744,
    0.62793809,
    0.76168521,
    0.83081181,
    0.90759238,
    0.93821618,
    0.95515414,
    0.95539284,
  ],
  [
    1.04150134,
    1.03056489,
    1.01461514,
    0.98433132,
    0.91418604,
    0.85123995,
    0.62592326,
    0.49940308,
    0.09574773,
    0,
    0.06947702,
    0.2454527,
    0.36553804,
    0.24206608,
    0.32356308,
    0.42863281,
    0.58022224,
    0.71844023,
    0.84808008,
    0.91396403,
    0.98815692,
    1.0179422,
    1.03426691,
    1.03459588,
  ],
  [
    1.10859498,
    1.09778909,
    1.08208092,
    1.05173205,
    0.98197676,
    0.91928604,
    0.69532108,
    0.56887863,
    0.15092983,
    0.06947702,
    0,
    0.17987152,
    0.30323473,
    0.22618097,
    0.34031266,
    0.46779979,
    0.63585325,
    0.77886713,
    0.9117228,
    0.9793518,
    1.0546255,
    1.084714,
    1.10124506,
    1.10154522,
  ],
  [
    1.2565368,
    1.24645804,
    1.23210649,
    1.20154457,
    1.13425892,
    1.07335094,
    0.86648478,
    0.73780668,
    0.29871077,
    0.2454527,
    0.17987152,
    0,
    0.23806572,
    0.21458521,
    0.3766735,
    0.54357963,
    0.74796669,
    0.90308666,
    1.04587824,
    1.12004791,
    1.19973899,
    1.23114356,
    1.24862935,
    1.24878212,
  ],
  [
    1.40426778,
    1.39304271,
    1.37649199,
    1.34642262,
    1.27523864,
    1.21151508,
    0.96667677,
    0.84748692,
    0.45415932,
    0.36553804,
    0.30323473,
    0.23806572,
    0,
    0.4466472,
    0.60243045,
    0.75619705,
    0.93801918,
    1.08208309,
    1.21359136,
    1.27907839,
    1.35211118,
    1.38137526,
    1.39728694,
    1.39767439,
  ],
  [
    1.09301473,
    1.08406347,
    1.07181856,
    1.04135931,
    0.9787638,
    0.92174846,
    0.75824131,
    0.62816829,
    0.21566133,
    0.24206608,
    0.22618097,
    0.21458521,
    0.4466472,
    0,
    0.16388287,
    0.33824595,
    0.55779656,
    0.71916046,
    0.86891311,
    0.94917189,
    1.03318662,
    1.0659032,
    1.08444678,
    1.08439916,
  ],
  [
    0.95903745,
    0.9510545,
    0.94059192,
    0.91055595,
    0.85255518,
    0.79967422,
    0.67825671,
    0.55375303,
    0.24911922,
    0.32356308,
    0.34031266,
    0.3766735,
    0.60243045,
    0.16388287,
    0,
    0.17939411,
    0.40913333,
    0.57318167,
    0.72670604,
    0.81091613,
    0.8974409,
    0.93085314,
    0.95003886,
    0.94983574,
  ],
  [
    0.79063905,
    0.78345811,
    0.77449008,
    0.74502361,
    0.69154313,
    0.64320654,
    0.57120147,
    0.46140439,
    0.33504688,
    0.42863281,
    0.46779979,
    0.54357963,
    0.75619705,
    0.33824595,
    0.17939411,
    0,
    0.23424815,
    0.39845608,
    0.55357821,
    0.64016554,
    0.72805097,
    0.76179526,
    0.78136132,
    0.78104016,
  ],
  [
    0.55776472,
    0.55105859,
    0.54310225,
    0.51418181,
    0.4652063,
    0.4228115,
    0.43135582,
    0.36326824,
    0.48616744,
    0.58022224,
    0.63585325,
    0.74796669,
    0.93801918,
    0.55779656,
    0.40913333,
    0.23424815,
    0,
    0.16436054,
    0.31933847,
    0.40645354,
    0.49479268,
    0.52863634,
    0.54835826,
    0.54797691,
  ],
  [
    0.39737362,
    0.39163039,
    0.38561936,
    0.3579764,
    0.31804816,
    0.28790413,
    0.40065685,
    0.38386671,
    0.62793809,
    0.71844023,
    0.77886713,
    0.90308666,
    1.08208309,
    0.71916046,
    0.57318167,
    0.39845608,
    0.16436054,
    0,
    0.15574441,
    0.24482266,
    0.33387211,
    0.36778195,
    0.38774702,
    0.38724317,
  ],
  [
    0.24355988,
    0.23891918,
    0.23542036,
    0.21016651,
    0.18776793,
    0.18445119,
    0.41102052,
    0.44256192,
    0.76168521,
    0.84808008,
    0.9117228,
    1.04587824,
    1.21359136,
    0.86891311,
    0.72670604,
    0.55357821,
    0.31933847,
    0.15574441,
    0,
    0.09107981,
    0.17993672,
    0.21367005,
    0.23376495,
    0.23313953,
  ],
  [
    0.15276337,
    0.14784719,
    0.14481852,
    0.12106906,
    0.11736254,
    0.14317051,
    0.42044502,
    0.47681823,
    0.83081181,
    0.91396403,
    0.9793518,
    1.12004791,
    1.27907839,
    0.94917189,
    0.81091613,
    0.64016554,
    0.40645354,
    0.24482266,
    0.09107981,
    0,
    0.08914434,
    0.12302039,
    0.14304886,
    0.14249742,
  ],
  [
    0.06363801,
    0.05973459,
    0.06215206,
    0.05133294,
    0.10369466,
    0.16179791,
    0.45680424,
    0.53152388,
    0.90759238,
    0.98815692,
    1.0546255,
    1.19973899,
    1.35211118,
    1.03318662,
    0.8974409,
    0.72805097,
    0.49479268,
    0.33387211,
    0.17993672,
    0.08914434,
    0,
    0.03391372,
    0.05390475,
    0.05337187,
  ],
  [
    0.02999982,
    0.02902761,
    0.04078873,
    0.04908676,
    0.11894897,
    0.18177053,
    0.47586806,
    0.5559932,
    0.93821618,
    1.0179422,
    1.084714,
    1.23114356,
    1.38137526,
    1.0659032,
    0.93085314,
    0.76179526,
    0.52863634,
    0.36778195,
    0.21367005,
    0.12302039,
    0.03391372,
    0,
    0.02011298,
    0.01948031,
  ],
  [
    0.00995428,
    0.01499152,
    0.03523813,
    0.05562569,
    0.12913527,
    0.19334105,
    0.4856182,
    0.56898189,
    0.95515414,
    1.03426691,
    1.10124506,
    1.24862935,
    1.39728694,
    1.08444678,
    0.95003886,
    0.78136132,
    0.54835826,
    0.38774702,
    0.23376495,
    0.14304886,
    0.05390475,
    0.02011298,
    0,
    0.00168992,
  ],
  [
    0.01095298,
    0.01667857,
    0.03679371,
    0.05665029,
    0.13002389,
    0.19414451,
    0.48660682,
    0.56969176,
    0.95539284,
    1.03459588,
    1.10154522,
    1.24878212,
    1.39767439,
    1.08439916,
    0.94983574,
    0.78104016,
    0.54797691,
    0.38724317,
    0.23313953,
    0.14249742,
    0.05337187,
    0.01948031,
    0.00168992,
    0,
  ],
];

let val = [
  0.0,
  0.0,
  0.029584065612185118,
  0.05916813122437024,
  0.03954305799648507,
  0.15846514352665494,
  0.6239015817223199,
  0.544522554188635,
  0.6139425893380199,
  0.7724077328646749,
  1.0,
  0.9504979496192151,
  0.9308728763913299,
  0.8318687756297598,
  0.7920328060925601,
  0.71294669009959,
  0.4850615114235501,
  0.33655536028119504,
  0.23755125951962505,
  0.20796719390743995,
  0.05916813122437024,
  0.029584065612185118,
  0.00966608084358524,
  0.0,
];

export default {
  keys,
  m,
  val,
};
